
 2.0000000E+02  9.910000E+37  1.129810E+01  2.787962E-13
 2.0050000E+02  9.910000E+37  1.129210E+01  2.716726E-13
 2.0100000E+02  9.910000E+37  1.128829E+01  2.845492E-13
 2.0150000E+02  9.910000E+37  1.128347E+01  2.899999E-13
 2.0200000E+02  9.910000E+37  1.127910E+01  2.824727E-13
 2.0250000E+02  9.910000E+37  1.127359E+01  2.787083E-13
 2.0300000E+02  9.910000E+37  1.127011E+01  2.816496E-13
 2.0350000E+02  9.910000E+37  1.126540E+01  2.953484E-13
 2.0400000E+02  9.910000E+37  1.126230E+01  2.842181E-13
 2.0450000E+02  9.910000E+37  1.125699E+01  2.800497E-13
 2.0500000E+02  9.910000E+37  1.125321E+01  2.942505E-13
 2.0550000E+02  9.910000E+37  1.125000E+01  2.934722E-13
 2.0600000E+02  9.910000E+37  1.124459E+01  2.868002E-13
 2.0650000E+02  9.910000E+37  1.123859E+01  2.869776E-13
 2.0700000E+02  9.910000E+37  1.123561E+01  2.873952E-13
 2.0750000E+02  9.910000E+37  1.123079E+01  2.920209E-13
 2.0800000E+02  9.910000E+37  1.122777E+01  2.828807E-13
 2.0850000E+02  9.910000E+37  1.122418E+01  2.809906E-13
 2.0900000E+02  9.910000E+37  1.121950E+01  2.804789E-13
 2.0950000E+02  9.910000E+37  1.121505E+01  2.783856E-13
 2.1000000E+02  9.910000E+37  1.120880E+01  2.885757E-13
 2.1050000E+02  9.910000E+37  1.120498E+01  2.766539E-13
 2.1100000E+02  9.910000E+37  1.120019E+01  2.794447E-13
 2.1150000E+02  9.910000E+37  1.119804E+01  2.822010E-13
 2.1200000E+02  9.910000E+37  1.119326E+01  2.642913E-13
 2.1250000E+02  9.910000E+37  1.119010E+01  2.773074E-13
 2.1300000E+02  9.910000E+37  1.118631E+01  2.754924E-13
 2.1350000E+02  9.910000E+37  1.118090E+01  2.718247E-13
 2.1400000E+02  9.910000E+37  1.117595E+01  2.712816E-13
 2.1450000E+02  9.910000E+37  1.117141E+01  2.710841E-13
 2.1500000E+02  9.910000E+37  1.116684E+01  2.714886E-13
 2.1550000E+02  9.910000E+37  1.116512E+01  2.687564E-13
 2.1600000E+02  9.910000E+37  1.115896E+01  2.740067E-13
 2.1650000E+02  9.910000E+37  1.115356E+01  2.753641E-13
 2.1700000E+02  9.910000E+37  1.115090E+01  2.697402E-13
 2.1750000E+02  9.910000E+37  1.114611E+01  2.730425E-13
 2.1800000E+02  9.910000E+37  1.113977E+01  2.815907E-13
 2.1850000E+02  9.910000E+37  1.113654E+01  2.838981E-13
 2.1900000E+02  9.910000E+37  1.113165E+01  2.728990E-13
 2.1950000E+02  9.910000E+37  1.112880E+01  2.732705E-13
 2.2000000E+02  9.910000E+37  1.112589E+01  2.652684E-13
 2.2050000E+02  9.910000E+37  1.112112E+01  2.722349E-13
 2.2100000E+02  9.910000E+37  1.111828E+01  2.669299E-13
 2.2150000E+02  9.910000E+37  1.111267E+01  2.762486E-13
 2.2200000E+02  9.910000E+37  1.110766E+01  2.772252E-13
 2.2250000E+02  9.910000E+37  1.110486E+01  2.719523E-13
 2.2300000E+02  9.910000E+37  1.110137E+01  2.670829E-13
 2.2350000E+02  9.910000E+37  1.109748E+01  2.724359E-13
 2.2400000E+02  9.910000E+37  1.109308E+01  2.620754E-13
 2.2450000E+02  9.910000E+37  1.108919E+01  2.663797E-13
 2.2500000E+02  9.910000E+37  1.108429E+01  2.668593E-13
 2.2550000E+02  9.910000E+37  1.108116E+01  2.703369E-13
 2.2600000E+02  9.910000E+37  1.107791E+01  2.544479E-13
 2.2650000E+02  9.910000E+37  1.107231E+01  2.314565E-13
 2.2700000E+02  9.910000E+37  1.107066E+01  1.026766E-13
 2.2750000E+02  9.910000E+37  1.106512E+01  9.400092E-14
 2.2800000E+02  9.910000E+37  1.106081E+01  8.346867E-14
 2.2850000E+02  9.910000E+37  1.105647E+01  8.154476E-14
 2.2900000E+02  9.910000E+37  1.105200E+01  8.301239E-14
 2.2950000E+02  9.910000E+37  1.104786E+01  8.514884E-14
 2.3000000E+02  9.910000E+37  1.104573E+01  8.646680E-14
 2.3050000E+02  9.910000E+37  1.104055E+01  7.339826E-14
 2.3100000E+02  9.910000E+37  1.103737E+01  8.571647E-14
 2.3150000E+02  9.910000E+37  1.103384E+01  7.706411E-14
 2.3200000E+02  9.910000E+37  1.102884E+01  8.697866E-14
 2.3250000E+02  9.910000E+37  1.102453E+01  8.266697E-14
 2.3300000E+02  9.910000E+37  1.102126E+01  8.292484E-14
 2.3350000E+02  9.910000E+37  1.101627E+01  8.878961E-14
 2.3400000E+02  9.910000E+37  1.101411E+01  8.211979E-14
 2.3450000E+02  9.910000E+37  1.101096E+01  8.607388E-14
 2.3500000E+02  9.910000E+37  1.100583E+01  8.092801E-14
 2.3550000E+02  9.910000E+37  1.100090E+01  9.634846E-14
 2.3600000E+02  9.910000E+37  1.099755E+01  1.019306E-13
 2.3650000E+02  9.910000E+37  1.099346E+01  9.613153E-14
 2.3700000E+02  9.910000E+37  1.098876E+01  9.115005E-14
 2.3750000E+02  9.910000E+37  1.098747E+01  1.059980E-13
 2.3800000E+02  9.910000E+37  1.098143E+01  9.964878E-14
 2.3850000E+02  9.910000E+37  1.097953E+01  9.725097E-14
 2.3900000E+02  9.910000E+37  1.097470E+01  9.560362E-14
 2.3950000E+02  9.910000E+37  1.097058E+01  1.053783E-13
 2.4000000E+02  9.910000E+37  1.096657E+01  1.143097E-13
 2.4050000E+02  9.910000E+37  1.096268E+01  1.016473E-13
 2.4100000E+02  9.910000E+37  1.095944E+01  1.021898E-13
 2.4150000E+02  9.910000E+37  1.095441E+01  1.109007E-13
 2.4200000E+02  9.910000E+37  1.095141E+01  1.085902E-13
 2.4250000E+02  9.910000E+37  1.094784E+01  1.147535E-13
 2.4300000E+02  9.910000E+37  1.094481E+01  1.096457E-13
 2.4350000E+02  9.910000E+37  1.094040E+01  1.067906E-13
 2.4400000E+02  9.910000E+37  1.093505E+01  1.070855E-13
 2.4450000E+02  9.910000E+37  1.093296E+01  1.058775E-13
 2.4500000E+02  9.910000E+37  1.092823E+01  1.058705E-13
 2.4550000E+02  9.910000E+37  1.092493E+01  1.142193E-13
 2.4600000E+02  9.910000E+37  1.092002E+01  1.131568E-13
 2.4650000E+02  9.910000E+37  1.091498E+01  1.013298E-13
 2.4700000E+02  9.910000E+37  1.091181E+01  1.116349E-13
 2.4750000E+02  9.910000E+37  1.091070E+01  1.065893E-13
 2.4800000E+02  9.910000E+37  1.090513E+01  1.056863E-13
 2.4850000E+02  9.910000E+37  1.089978E+01  1.096778E-13
 2.4900000E+02  9.910000E+37  1.089763E+01  1.012989E-13
 2.4950000E+02  9.910000E+37  1.089356E+01  1.082772E-13
 2.5000000E+02  9.910000E+37  1.089052E+01  1.185207E-13
 2.5050000E+02  9.910000E+37  1.088541E+01  1.043382E-13
 2.5100000E+02  9.910000E+37  1.088306E+01  1.021518E-13
 2.5150000E+02  9.910000E+37  1.087915E+01  9.766804E-14
 2.5200000E+02  9.910000E+37  1.087667E+01  1.060297E-13
 2.5250000E+02  9.910000E+37  1.087280E+01  1.079666E-13
 2.5300000E+02  9.910000E+37  1.086850E+01  1.115945E-13
 2.5350000E+02  9.910000E+37  1.086489E+01  1.106144E-13
 2.5400000E+02  9.910000E+37  1.086216E+01  1.040470E-13
 2.5450000E+02  9.910000E+37  1.085643E+01  1.034529E-13
 2.5500000E+02  9.910000E+37  1.085432E+01  1.006044E-13
 2.5550000E+02  9.910000E+37  1.085035E+01  1.152142E-13
 2.5600000E+02  9.910000E+37  1.084593E+01  1.160040E-13
 2.5650000E+02  9.910000E+37  1.084341E+01  1.022420E-13
 2.5700000E+02  9.910000E+37  1.083945E+01  1.072820E-13
 2.5750000E+02  9.910000E+37  1.083658E+01  1.059985E-13
 2.5800000E+02  9.910000E+37  1.083303E+01  1.073227E-13
 2.5850000E+02  9.910000E+37  1.082777E+01  1.098427E-13
 2.5900000E+02  9.910000E+37  1.082441E+01  1.113841E-13
 2.5950000E+02  9.910000E+37  1.082079E+01  1.027148E-13
 2.6000000E+02  9.910000E+37  1.081752E+01  1.139424E-13
 2.6050000E+02  9.910000E+37  1.081544E+01  1.175475E-13
 2.6100000E+02  9.910000E+37  1.081043E+01  1.102829E-13
 2.6150000E+02  9.910000E+37  1.080564E+01  1.101816E-13
 2.6200000E+02  9.910000E+37  1.080441E+01  1.274831E-13
 2.6250000E+02  9.910000E+37  1.080087E+01  1.204371E-13
 2.6300000E+02  9.910000E+37  1.079737E+01  1.172313E-13
 2.6350000E+02  9.910000E+37  1.079337E+01  1.042145E-13
 2.6400000E+02  9.910000E+37  1.079081E+01  1.194741E-13
 2.6450000E+02  9.910000E+37  1.078737E+01  1.250715E-13
 2.6500000E+02  9.910000E+37  1.078252E+01  1.098761E-13
 2.6550000E+02  9.910000E+37  1.077762E+01  1.008453E-13
 2.6600000E+02  9.910000E+37  1.077409E+01  1.005699E-13
 2.6650000E+02  9.910000E+37  1.077334E+01  1.107800E-13
 2.6700000E+02  9.910000E+37  1.076788E+01  1.051924E-13
 2.6750000E+02  9.910000E+37  1.076620E+01  9.888574E-14
 2.6800000E+02  9.910000E+37  1.076283E+01  9.261237E-14
 2.6850000E+02  9.910000E+37  1.075921E+01  1.045393E-13
 2.6900000E+02  9.910000E+37  1.075359E+01  1.033337E-13
 2.6950000E+02  9.910000E+37  1.075192E+01  9.688874E-14
 2.7000000E+02  9.910000E+37  1.074730E+01  1.024031E-13
 2.7050000E+02  9.910000E+37  1.074515E+01  1.162762E-13
 2.7100000E+02  9.910000E+37  1.074121E+01  9.910990E-14
 2.7150000E+02  9.910000E+37  1.073816E+01  1.111238E-13
 2.7200000E+02  9.910000E+37  1.073315E+01  1.097264E-13
 2.7250000E+02  9.910000E+37  1.073075E+01  1.006040E-13
 2.7300000E+02  9.910000E+37  1.073009E+01  1.062298E-13
 2.7350000E+02  9.910000E+37  1.072348E+01  1.115402E-13
 2.7400000E+02  9.910000E+37  1.072006E+01  1.010640E-13
 2.7450000E+02  9.910000E+37  1.071659E+01  1.068370E-13
 2.7500000E+02  9.910000E+37  1.071464E+01  1.004616E-13
 2.7550000E+02  9.910000E+37  1.070990E+01  1.128555E-13
 2.7600000E+02  9.910000E+37  1.070390E+01  1.018131E-13
 2.7650000E+02  9.910000E+37  1.070185E+01  1.064653E-13
 2.7700000E+02  9.910000E+37  1.069945E+01  1.134768E-13
 2.7750000E+02  9.910000E+37  1.069666E+01  1.069994E-13
 2.7800000E+02  9.910000E+37  1.069241E+01  1.053056E-13
 2.7850000E+02  9.910000E+37  1.069014E+01  1.038172E-13
 2.7900000E+02  9.910000E+37  1.068574E+01  1.078256E-13
 2.7950000E+02  9.910000E+37  1.068305E+01  1.143360E-13
 2.8000000E+02  9.910000E+37  1.067899E+01  1.124619E-13
 2.8050000E+02  9.910000E+37  1.067607E+01  1.188701E-13
 2.8100000E+02  9.910000E+37  1.067374E+01  1.076755E-13
 2.8150000E+02  9.910000E+37  1.067103E+01  1.110894E-13
 2.8200000E+02  9.910000E+37  1.066612E+01  1.181110E-13
 2.8250000E+02  9.910000E+37  1.066359E+01  1.217043E-13
 2.8300000E+02  9.910000E+37  1.066042E+01  1.141122E-13
 2.8350000E+02  9.910000E+37  1.065669E+01  1.198471E-13
 2.8400000E+02  9.910000E+37  1.065390E+01  1.853917E-13
 2.8450000E+02  9.910000E+37  1.064870E+01  9.014453E-13
 2.8500000E+02  9.910000E+37  1.064645E+01  2.183158E-12
 2.8550000E+02  9.910000E+37  1.064296E+01  1.670863E-12
 2.8600000E+02  9.910000E+37  1.063848E+01  8.544498E-13
 2.8650000E+02  9.910000E+37  1.063664E+01  8.095686E-13
 2.8700000E+02  9.910000E+37  1.063248E+01  8.343197E-13
 2.8750000E+02  9.910000E+37  1.063045E+01  8.483760E-13
 2.8800000E+02  9.910000E+37  1.062758E+01  8.327290E-13
 2.8850000E+02  9.910000E+37  1.062290E+01  8.411241E-13
 2.8900000E+02  9.910000E+37  1.062040E+01  8.202175E-13
 2.8950000E+02  9.910000E+37  1.061627E+01  8.228783E-13
 2.9000000E+02  9.910000E+37  1.061102E+01  8.133092E-13
 2.9050000E+02  9.910000E+37  1.061094E+01  8.609276E-13
 2.9100000E+02  9.910000E+37  1.060672E+01  1.236710E-12
 2.9150000E+02  9.910000E+37  1.060461E+01  2.516976E-12
 2.9200000E+02  9.910000E+37  1.059987E+01  1.974286E-12
 2.9250000E+02  9.910000E+37  1.059739E+01  2.100643E-12
 2.9300000E+02  9.910000E+37  1.059558E+01  1.961920E-12
 2.9350000E+02  9.910000E+37  1.059120E+01  1.774654E-12
 2.9400000E+02  9.910000E+37  1.058804E+01  1.697922E-12
 2.9450000E+02  9.910000E+37  1.058259E+01  1.692804E-12
 2.9500000E+02  9.910000E+37  1.058023E+01  1.686225E-12
 2.9550000E+02  9.910000E+37  1.057676E+01  1.683002E-12
 2.9600000E+02  9.910000E+37  1.057229E+01  1.711735E-12
 2.9650000E+02  9.910000E+37  1.056969E+01  1.727588E-12
 2.9700000E+02  9.910000E+37  1.056703E+01  1.700812E-12
 2.9750000E+02  9.910000E+37  1.056251E+01  1.704823E-12
 2.9800000E+02  9.910000E+37  1.056099E+01  1.685195E-12
 2.9850000E+02  9.910000E+37  1.055903E+01  1.653204E-12
 2.9900000E+02  9.910000E+37  1.055000E+01  1.649770E-12
 2.9950000E+02  9.910000E+37  1.054661E+01  1.645269E-12
 3.0000000E+02  9.910000E+37  1.054374E+01  1.646139E-12
 3.0050000E+02  9.910000E+37  1.054175E+01  1.676774E-12
 3.0100000E+02  9.910000E+37  1.054129E+01  1.695494E-12
 3.0150000E+02  9.910000E+37  1.053643E+01  1.699531E-12
 3.0200000E+02  9.910000E+37  1.053260E+01  1.721406E-12
 3.0250000E+02  9.910000E+37  1.053038E+01  1.778357E-12
 3.0300000E+02  9.910000E+37  1.052568E+01  1.821186E-12
 3.0350000E+02  9.910000E+37  1.052282E+01  1.839693E-12
 3.0400000E+02  9.910000E+37  1.052102E+01  1.817685E-12
 3.0450000E+02  9.910000E+37  1.051723E+01  1.788730E-12
 3.0500000E+02  9.910000E+37  1.051361E+01  1.756581E-12
 3.0550000E+02  9.910000E+37  1.051123E+01  1.756435E-12
 3.0600000E+02  9.910000E+37  1.050748E+01  1.779041E-12
 3.0650000E+02  9.910000E+37  1.050476E+01  1.817223E-12
 3.0700000E+02  9.910000E+37  1.050242E+01  1.839607E-12
 3.0750000E+02  9.910000E+37  1.049808E+01  1.852113E-12
 3.0800000E+02  9.910000E+37  1.049585E+01  1.812842E-12
 3.0850000E+02  9.910000E+37  1.049368E+01  1.770481E-12
 3.0900000E+02  9.910000E+37  1.048944E+01  1.711024E-12
 3.0950000E+02  9.910000E+37  1.048676E+01  1.637222E-12
 3.1000000E+02  9.910000E+37  1.048350E+01  1.551997E-12
 3.1050000E+02  9.910000E+37  1.047912E+01  1.478893E-12
 3.1100000E+02  9.910000E+37  1.047780E+01  1.401730E-12
 3.1150000E+02  9.910000E+37  1.047172E+01  1.327628E-12
 3.1200000E+02  9.910000E+37  1.047164E+01  1.255065E-12
 3.1250000E+02  9.910000E+37  1.046620E+01  1.190487E-12
 3.1300000E+02  9.910000E+37  1.046195E+01  1.171342E-12
 3.1350000E+02  9.910000E+37  1.045863E+01  1.154032E-12
 3.1400000E+02  9.910000E+37  1.045634E+01  1.159026E-12
 3.1450000E+02  9.910000E+37  1.045519E+01  1.156210E-12
 3.1500000E+02  9.910000E+37  1.045107E+01  1.155037E-12
 3.1550000E+02  9.910000E+37  1.044908E+01  1.149067E-12
 3.1600000E+02  9.910000E+37  1.044440E+01  1.157197E-12
 3.1650000E+02  9.910000E+37  1.044105E+01  1.155136E-12
 3.1700000E+02  9.910000E+37  1.043809E+01  1.140169E-12
 3.1750000E+02  9.910000E+37  1.043509E+01  1.135208E-12
 3.1800000E+02  9.910000E+37  1.043263E+01  1.129324E-12
 3.1850000E+02  9.910000E+37  1.042873E+01  1.142763E-12
 3.1900000E+02  9.910000E+37  1.042743E+01  1.131348E-12
 3.1950000E+02  9.910000E+37  1.042385E+01  1.144569E-12
 3.2000000E+02  9.910000E+37  1.042053E+01  1.152389E-12
 3.2050000E+02  9.910000E+37  1.041874E+01  1.184680E-12
 3.2100000E+02  9.910000E+37  1.041486E+01  1.191371E-12
 3.2150000E+02  9.910000E+37  1.041252E+01  1.200971E-12
 3.2200000E+02  9.910000E+37  1.040903E+01  1.232754E-12
 3.2250000E+02  9.910000E+37  1.040510E+01  1.255890E-12
 3.2300000E+02  9.910000E+37  1.040154E+01  1.284251E-12
 3.2350000E+02  9.910000E+37  1.040027E+01  1.290090E-12
 3.2400000E+02  9.910000E+37  1.039607E+01  1.314610E-12
 3.2450000E+02  9.910000E+37  1.039364E+01  1.360108E-12
 3.2500000E+02  9.910000E+37  1.039079E+01  1.372633E-12
 3.2550000E+02  9.910000E+37  1.038726E+01  1.403340E-12
 3.2600000E+02  9.910000E+37  1.038465E+01  1.417372E-12
 3.2650000E+02  9.910000E+37  1.038270E+01  1.442537E-12
 3.2700000E+02  9.910000E+37  1.037846E+01  1.450006E-12
 3.2750000E+02  9.910000E+37  1.037497E+01  1.466089E-12
 3.2800000E+02  9.910000E+37  1.037284E+01  1.468019E-12
 3.2850000E+02  9.910000E+37  1.036981E+01  1.474864E-12
 3.2900000E+02  9.910000E+37  1.036543E+01  1.481129E-12
 3.2950000E+02  9.910000E+37  1.036193E+01  1.485851E-12
 3.3000000E+02  9.910000E+37  1.036020E+01  1.486342E-12
 3.3050000E+02  9.910000E+37  1.035805E+01  1.498112E-12
 3.3100000E+02  9.910000E+37  1.035428E+01  1.477203E-12
 3.3150000E+02  9.910000E+37  1.035219E+01  1.482139E-12
 3.3200000E+02  9.910000E+37  1.034818E+01  1.463882E-12
 3.3250000E+02  9.910000E+37  1.034456E+01  1.459021E-12
 3.3300000E+02  9.910000E+37  1.034324E+01  1.445735E-12
 3.3350000E+02  9.910000E+37  1.034060E+01  1.421778E-12
 3.3400000E+02  9.910000E+37  1.033755E+01  1.407592E-12
 3.3450000E+02  9.910000E+37  1.033624E+01  1.393442E-12
 3.3500000E+02  9.910000E+37  1.033243E+01  1.377723E-12
 3.3550000E+02  9.910000E+37  1.032816E+01  1.367532E-12
 3.3600000E+02  9.910000E+37  1.032411E+01  1.343498E-12
 3.3650000E+02  9.910000E+37  1.032060E+01  1.340200E-12
 3.3700000E+02  9.910000E+37  1.031979E+01  1.322780E-12
 3.3750000E+02  9.910000E+37  1.031659E+01  1.311267E-12
 3.3800000E+02  9.910000E+37  1.031361E+01  1.301504E-12
 3.3850000E+02  9.910000E+37  1.031061E+01  1.292057E-12
 3.3900000E+02  9.910000E+37  1.030656E+01  1.286080E-12
 3.3950000E+02  9.910000E+37  1.030502E+01  1.270555E-12
 3.4000000E+02  9.910000E+37  1.030153E+01  1.273380E-12
 3.4050000E+02  9.910000E+37  1.030024E+01  1.271400E-12
 3.4100000E+02  9.910000E+37  1.029622E+01  1.273378E-12
 3.4150000E+02  9.910000E+37  1.029233E+01  1.276786E-12
 3.4200000E+02  9.910000E+37  1.028957E+01  1.270175E-12
 3.4250000E+02  9.910000E+37  1.028755E+01  1.276400E-12
 3.4300000E+02  9.910000E+37  1.028523E+01  1.275761E-12
 3.4350000E+02  9.910000E+37  1.028235E+01  1.290022E-12
 3.4400000E+02  9.910000E+37  1.028075E+01  1.293098E-12
 3.4450000E+02  9.910000E+37  1.027665E+01  1.303258E-12
 3.4500000E+02  9.910000E+37  1.027461E+01  1.312705E-12
 3.4550000E+02  9.910000E+37  1.027216E+01  1.312204E-12
 3.4600000E+02  9.910000E+37  1.027011E+01  1.314945E-12
 3.4650000E+02  9.910000E+37  1.026545E+01  1.327309E-12
 3.4700000E+02  9.910000E+37  1.026116E+01  1.320537E-12
 3.4750000E+02  9.910000E+37  1.025792E+01  1.342270E-12
 3.4800000E+02  9.910000E+37  1.025642E+01  1.337752E-12
 3.4850000E+02  9.910000E+37  1.025339E+01  1.334212E-12
 3.4900000E+02  9.910000E+37  1.025049E+01  1.375384E-12
 3.4950000E+02  9.910000E+37  1.024743E+01  1.356649E-12
 3.5000000E+02  9.910000E+37  1.024472E+01  1.358722E-12
 3.5050000E+02  9.910000E+37  1.024093E+01  1.351149E-12
 3.5100000E+02  9.910000E+37  1.024022E+01  1.378645E-12
 3.5150000E+02  9.910000E+37  1.023647E+01  1.357492E-12
 3.5200000E+02  9.910000E+37  1.023389E+01  1.342492E-12
 3.5250000E+02  9.910000E+37  1.023075E+01  1.436729E-12
 3.5300000E+02  9.910000E+37  1.022743E+01  1.390908E-12
 3.5350000E+02  9.910000E+37  1.022259E+01  1.378524E-12
 3.5400000E+02  9.910000E+37  1.022055E+01  1.389985E-12
 3.5450000E+02  9.910000E+37  1.021839E+01  1.381191E-12
 3.5500000E+02  9.910000E+37  1.021652E+01  1.395739E-12
 3.5550000E+02  9.910000E+37  1.021273E+01  1.403109E-12
 3.5600000E+02  9.910000E+37  1.021121E+01  1.421402E-12
 3.5650000E+02  9.910000E+37  1.020842E+01  1.423620E-12
 3.5700000E+02  9.910000E+37  1.020356E+01  1.435524E-12
 3.5750000E+02  9.910000E+37  1.020227E+01  1.442126E-12
 3.5800000E+02  9.910000E+37  1.019916E+01  1.452288E-12
 3.5850000E+02  9.910000E+37  1.019935E+01  1.469005E-12
 3.5900000E+02  9.910000E+37  1.019376E+01  1.467157E-12
 3.5950000E+02  9.910000E+37  1.019253E+01  1.475751E-12
 3.6000000E+02  9.910000E+37  1.019031E+01  1.487732E-12
 3.6050000E+02  9.910000E+37  1.018590E+01  1.497096E-12
 3.6100000E+02  9.910000E+37  1.018334E+01  1.503072E-12
 3.6150000E+02  9.910000E+37  1.018165E+01  1.515340E-12
 3.6200000E+02  9.910000E+37  1.017950E+01  1.520988E-12
 3.6250000E+02  9.910000E+37  1.017575E+01  1.524217E-12
 3.6300000E+02  9.910000E+37  1.017456E+01  1.533362E-12
 3.6350000E+02  9.910000E+37  1.017160E+01  1.546763E-12
 3.6400000E+02  9.910000E+37  1.017062E+01  1.552725E-12
 3.6450000E+02  9.910000E+37  1.016411E+01  1.555894E-12
 3.6500000E+02  9.910000E+37  1.016312E+01  1.554442E-12
 3.6550000E+02  9.910000E+37  1.015895E+01  1.559414E-12
 3.6600000E+02  9.910000E+37  1.015654E+01  1.576108E-12
 3.6650000E+02  9.910000E+37  1.015287E+01  1.580064E-12
 3.6700000E+02  9.910000E+37  1.015083E+01  1.580708E-12
 3.6750000E+02  9.910000E+37  1.014874E+01  1.583949E-12
 3.6800000E+02  9.910000E+37  1.014670E+01  1.583900E-12
 3.6850000E+02  9.910000E+37  1.014490E+01  1.591741E-12
 3.6900000E+02  9.910000E+37  1.014152E+01  1.589867E-12
 3.6950000E+02  9.910000E+37  1.013672E+01  1.593419E-12
 3.7000000E+02  9.910000E+37  1.013517E+01  1.600376E-12
 3.7050000E+02  9.910000E+37  1.013164E+01  1.606818E-12
 3.7100000E+02  9.910000E+37  1.012930E+01  1.594297E-12
 3.7150000E+02  9.910000E+37  1.012696E+01  1.593197E-12
 3.7200000E+02  9.910000E+37  1.012416E+01  1.590999E-12
 3.7250000E+02  9.910000E+37  1.011993E+01  1.592505E-12
 3.7300000E+02  9.910000E+37  1.011893E+01  1.593220E-12
 3.7350000E+02  9.910000E+37  1.011710E+01  1.593342E-12
 3.7400000E+02  9.910000E+37  1.011403E+01  1.596929E-12
 3.7450000E+02  9.910000E+37  1.011128E+01  1.592084E-12
 3.7500000E+02  9.910000E+37  1.010836E+01  1.583161E-12
 3.7550000E+02  9.910000E+37  1.010549E+01  1.593093E-12
 3.7600000E+02  9.910000E+37  1.010228E+01  1.598510E-12
 3.7650000E+02  9.910000E+37  1.009910E+01  1.595751E-12
 3.7700000E+02  9.910000E+37  1.009736E+01  1.596035E-12
 3.7750000E+02  9.910000E+37  1.009326E+01  1.596971E-12
 3.7800000E+02  9.910000E+37  1.009329E+01  1.600203E-12
 3.7850000E+02  9.910000E+37  1.008984E+01  1.615470E-12
 3.7900000E+02  9.910000E+37  1.008735E+01  1.610902E-12
 3.7950000E+02  9.910000E+37  1.008415E+01  1.617661E-12
 3.8000000E+02  9.910000E+37  1.008188E+01  1.623111E-12
 3.8050000E+02  9.910000E+37  1.007966E+01  1.628797E-12
 3.8100000E+02  9.910000E+37  1.007595E+01  1.641235E-12
 3.8150000E+02  9.910000E+37  1.007281E+01  1.641271E-12
 3.8200000E+02  9.910000E+37  1.007171E+01  1.649681E-12
 3.8250000E+02  9.910000E+37  1.006982E+01  1.662927E-12
 3.8300000E+02  9.910000E+37  1.006551E+01  1.662147E-12
 3.8350000E+02  9.910000E+37  1.006242E+01  1.665351E-12
 3.8400000E+02  9.910000E+37  1.006123E+01  1.672356E-12
 3.8450000E+02  9.910000E+37  1.005727E+01  1.679735E-12
 3.8500000E+02  9.910000E+37  1.005383E+01  1.693867E-12
 3.8550000E+02  9.910000E+37  1.005380E+01  1.676069E-12
 3.8600000E+02  9.910000E+37  1.005114E+01  1.692309E-12
 3.8650000E+02  9.910000E+37  1.004678E+01  1.693653E-12
 3.8700000E+02  9.910000E+37  1.004430E+01  1.697599E-12
 3.8750000E+02  9.910000E+37  1.004267E+01  1.704826E-12
 3.8800000E+02  9.910000E+37  1.003962E+01  1.699665E-12
 3.8850000E+02  9.910000E+37  1.003805E+01  1.706443E-12
 3.8900000E+02  9.910000E+37  1.003459E+01  1.701868E-12
 3.8950000E+02  9.910000E+37  1.003231E+01  1.707879E-12
 3.9000000E+02  9.910000E+37  1.002867E+01  1.714649E-12
 3.9050000E+02  9.910000E+37  1.002701E+01  1.703752E-12
 3.9100000E+02  9.910000E+37  1.002379E+01  1.704475E-12
 3.9150000E+02  9.910000E+37  1.002197E+01  1.702598E-12
 3.9200000E+02  9.910000E+37  1.001931E+01  1.708089E-12
 3.9250000E+02  9.910000E+37  1.001673E+01  1.696774E-12
 3.9300000E+02  9.910000E+37  1.001394E+01  1.693865E-12
 3.9350000E+02  9.910000E+37  1.001079E+01  1.690774E-12
 3.9400000E+02  9.910000E+37  1.001026E+01  1.706999E-12
 3.9450000E+02  9.910000E+37  1.000824E+01  1.685777E-12
 3.9500000E+02  9.910000E+37  1.000422E+01  1.688833E-12
 3.9550000E+02  9.910000E+37  1.000258E+01  1.688057E-12
 3.9600000E+02  9.910000E+37  9.999504E+00  1.684076E-12
 3.9650000E+02  9.910000E+37  9.997403E+00  1.684787E-12
 3.9700000E+02  9.910000E+37  9.995518E+00  1.673406E-12
 3.9750000E+02  9.910000E+37  9.990622E+00  1.663523E-12
 3.9800000E+02  9.910000E+37  9.987991E+00  1.662004E-12
 3.9850000E+02  9.910000E+37  9.985083E+00  1.669303E-12
 3.9900000E+02  9.910000E+37  9.983066E+00  1.667650E-12
 3.9950000E+02  9.910000E+37  9.981086E+00  1.655154E-12
 4.0000000E+02  9.910000E+37  9.977895E+00  1.668531E-12
 4.0050000E+02  9.910000E+37  9.976573E+00  1.608322E-12
 4.0100000E+02  9.910000E+37  9.973099E+00  1.670322E-12
 4.0150000E+02  9.910000E+37  9.969371E+00  1.698120E-12
 4.0200000E+02  9.910000E+37  9.967764E+00  1.703861E-12
 4.0250000E+02  9.910000E+37  9.964169E+00  1.698919E-12
 4.0300000E+02  9.910000E+37  9.961654E+00  1.710916E-12
 4.0350000E+02  9.910000E+37  9.957929E+00  1.714421E-12
 4.0400000E+02  9.910000E+37  9.956223E+00  1.706463E-12
 4.0450000E+02  9.910000E+37  9.952891E+00  1.704782E-12
 4.0500000E+02  9.910000E+37  9.950844E+00  1.713151E-12
 4.0550000E+02  9.910000E+37  9.948219E+00  1.712630E-12
 4.0600000E+02  9.910000E+37  9.946928E+00  1.707656E-12
 4.0650000E+02  9.910000E+37  9.943607E+00  1.700988E-12
 4.0700000E+02  9.910000E+37  9.942805E+00  1.714512E-12
 4.0750000E+02  9.910000E+37  9.940482E+00  1.707676E-12
 4.0800000E+02  9.910000E+37  9.937181E+00  1.703730E-12
 4.0850000E+02  9.910000E+37  9.933757E+00  1.705093E-12
 4.0900000E+02  9.910000E+37  9.930654E+00  1.711019E-12
 4.0950000E+02  9.910000E+37  9.929558E+00  1.716702E-12
 4.1000000E+02  9.910000E+37  9.928023E+00  1.709294E-12
 4.1050000E+02  9.910000E+37  9.925635E+00  1.707119E-12
 4.1100000E+02  9.910000E+37  9.922135E+00  1.718422E-12
 4.1150000E+02  9.910000E+37  9.921058E+00  1.718259E-12
 4.1200000E+02  9.910000E+37  9.917850E+00  1.708289E-12
 4.1250000E+02  9.910000E+37  9.916842E+00  1.707818E-12
 4.1300000E+02  9.910000E+37  9.913912E+00  1.701561E-12
 4.1350000E+02  9.910000E+37  9.911457E+00  1.702722E-12
 4.1400000E+02  9.910000E+37  9.908213E+00  1.693706E-12
 4.1450000E+02  9.910000E+37  9.904978E+00  1.692734E-12
 4.1500000E+02  9.910000E+37  9.902210E+00  1.689268E-12
 4.1550000E+02  9.910000E+37  9.900357E+00  1.692748E-12
 4.1600000E+02  9.910000E+37  9.897462E+00  1.693960E-12
 4.1650000E+02  9.910000E+37  9.895780E+00  1.676982E-12
 4.1700000E+02  9.910000E+37  9.893170E+00  1.690769E-12
 4.1750000E+02  9.910000E+37  9.891935E+00  1.682939E-12
 4.1800000E+02  9.910000E+37  9.888568E+00  1.666892E-12
 4.1850000E+02  9.910000E+37  9.887903E+00  1.664726E-12
 4.1900000E+02  9.910000E+37  9.883326E+00  1.670172E-12
 4.1950000E+02  9.910000E+37  9.879594E+00  1.652529E-12
 4.2000000E+02  9.910000E+37  9.877537E+00  1.655790E-12
 4.2050000E+02  9.910000E+37  9.875418E+00  1.635048E-12
 4.2100000E+02  9.910000E+37  9.874446E+00  1.627283E-12
 4.2150000E+02  9.910000E+37  9.871175E+00  1.630217E-12
 4.2200000E+02  9.910000E+37  9.869140E+00  1.634204E-12
 4.2250000E+02  9.910000E+37  9.867557E+00  1.622653E-12
 4.2300000E+02  9.910000E+37  9.864406E+00  1.618093E-12
 4.2350000E+02  9.910000E+37  9.861530E+00  1.614729E-12
 4.2400000E+02  9.910000E+37  9.860567E+00  1.608876E-12
 4.2450000E+02  9.910000E+37  9.856845E+00  1.609670E-12
 4.2500000E+02  9.910000E+37  9.854882E+00  1.601677E-12
 4.2550000E+02  9.910000E+37  9.850624E+00  1.594974E-12
 4.2600000E+02  9.910000E+37  9.849179E+00  1.599640E-12
 4.2650000E+02  9.910000E+37  9.847847E+00  1.605182E-12
 4.2700000E+02  9.910000E+37  9.843742E+00  1.589243E-12
 4.2750000E+02  9.910000E+37  9.843407E+00  1.591355E-12
 4.2800000E+02  9.910000E+37  9.840209E+00  1.601569E-12
 4.2850000E+02  9.910000E+37  9.837644E+00  1.604499E-12
 4.2900000E+02  9.910000E+37  9.835102E+00  1.591338E-12
 4.2950000E+02  9.910000E+37  9.835221E+00  1.596949E-12
 4.3000000E+02  9.910000E+37  9.828862E+00  1.601672E-12
 4.3050000E+02  9.910000E+37  9.830108E+00  1.602140E-12
 4.3100000E+02  9.910000E+37  9.824168E+00  1.591705E-12
 4.3150000E+02  9.910000E+37  9.823327E+00  1.609652E-12
 4.3200000E+02  9.910000E+37  9.822822E+00  1.599420E-12
 4.3250000E+02  9.910000E+37  9.818560E+00  1.598712E-12
 4.3300000E+02  9.910000E+37  9.817548E+00  1.611811E-12
 4.3350000E+02  9.910000E+37  9.814157E+00  1.608532E-12
 4.3400000E+02  9.910000E+37  9.809635E+00  1.609141E-12
 4.3450000E+02  9.910000E+37  9.807475E+00  1.606870E-12
 4.3500000E+02  9.910000E+37  9.807805E+00  1.612730E-12
 4.3550000E+02  9.910000E+37  9.804908E+00  1.607030E-12
 4.3600000E+02  9.910000E+37  9.800678E+00  1.612608E-12
 4.3650000E+02  9.910000E+37  9.798007E+00  1.613377E-12
 4.3700000E+02  9.910000E+37  9.794897E+00  1.614989E-12
 4.3750000E+02  9.910000E+37  9.793714E+00  1.615502E-12
 4.3800000E+02  9.910000E+37  9.792943E+00  1.623325E-12
 4.3850000E+02  9.910000E+37  9.790025E+00  1.620372E-12
 4.3900000E+02  9.910000E+37  9.787757E+00  1.620490E-12
 4.3950000E+02  9.910000E+37  9.783227E+00  1.619368E-12
 4.4000000E+02  9.910000E+37  9.780650E+00  1.621698E-12
 4.4050000E+02  9.910000E+37  9.778461E+00  1.619104E-12
 4.4100000E+02  9.910000E+37  9.778063E+00  1.627455E-12
 4.4150000E+02  9.910000E+37  9.774506E+00  1.625130E-12
 4.4200000E+02  9.910000E+37  9.772910E+00  1.621231E-12
 4.4250000E+02  9.910000E+37  9.769405E+00  1.629795E-12
 4.4300000E+02  9.910000E+37  9.768513E+00  1.628464E-12
 4.4350000E+02  9.910000E+37  9.766766E+00  1.618090E-12
 4.4400000E+02  9.910000E+37  9.762494E+00  1.616690E-12
 4.4450000E+02  9.910000E+37  9.760027E+00  1.633162E-12
 4.4500000E+02  9.910000E+37  9.758332E+00  1.620189E-12
 4.4550000E+02  9.910000E+37  9.756114E+00  1.618800E-12
 4.4600000E+02  9.910000E+37  9.754628E+00  1.620258E-12
 4.4650000E+02  9.910000E+37  9.752567E+00  1.608189E-12
 4.4700000E+02  9.910000E+37  9.750013E+00  1.617222E-12
 4.4750000E+02  9.910000E+37  9.746890E+00  1.611408E-12
 4.4800000E+02  9.910000E+37  9.744030E+00  1.603617E-12
 4.4850000E+02  9.910000E+37  9.741482E+00  1.594647E-12
 4.4900000E+02  9.910000E+37  9.741060E+00  1.585735E-12
 4.4950000E+02  9.910000E+37  9.738407E+00  1.578597E-12
 4.5000000E+02  9.910000E+37  9.735868E+00  1.570895E-12
 4.5050000E+02  9.910000E+37  9.733240E+00  1.558909E-12
 4.5100000E+02  9.910000E+37  9.731409E+00  1.525402E-12
 4.5150000E+02  9.910000E+37  9.729632E+00  1.510172E-12
 4.5200000E+02  9.910000E+37  9.726649E+00  1.469559E-12
 4.5250000E+02  9.910000E+37  9.724415E+00  1.418916E-12
 4.5300000E+02  9.910000E+37  9.721588E+00  1.240429E-12
 4.5350000E+02  9.910000E+37  9.720820E+00  5.214378E-13
 4.5400000E+02  9.910000E+37  9.717942E+00  1.659047E-13
 4.5450000E+02  9.910000E+37  9.715674E+00  4.320340E-14
 4.5500000E+02  9.910000E+37  9.711927E+00  3.394442E-14
 4.5550000E+02  9.910000E+37  9.710654E+00  1.878255E-14
 4.5600000E+02  9.910000E+37  9.708967E+00  1.274693E-14
 4.5650000E+02  9.910000E+37  9.706146E+00  2.346755E-14
 4.5700000E+02  9.910000E+37  9.703495E+00  2.729385E-14
 4.5750000E+02  9.910000E+37  9.701548E+00  2.002393E-14
 4.5800000E+02  9.910000E+37  9.701591E+00  1.846996E-14
 4.5850000E+02  9.910000E+37  9.698306E+00  2.684323E-14
 4.5900000E+02  9.910000E+37  9.695173E+00  3.251665E-14
 4.5950000E+02  9.910000E+37  9.692749E+00  2.278836E-14
 4.6000000E+02  9.910000E+37  9.690585E+00  1.972916E-14
 4.6050000E+02  9.910000E+37  9.688577E+00  4.744678E-15
 4.6100000E+02  9.910000E+37  9.687159E+00  1.027514E-14
 4.6150000E+02  9.910000E+37  9.683776E+00  1.355604E-14
 4.6200000E+02  9.910000E+37  9.680086E+00  1.243381E-14
 4.6250000E+02  9.910000E+37  9.678368E+00  1.676386E-14
 4.6300000E+02  9.910000E+37  9.676690E+00  1.664648E-14
 4.6350000E+02  9.910000E+37  9.676578E+00  2.576549E-14
 4.6400000E+02  9.910000E+37  9.672352E+00  1.289644E-14
 4.6450000E+02  9.910000E+37  9.669681E+00  1.819991E-14
 4.6500000E+02  9.910000E+37  9.665800E+00  2.161143E-14
 4.6550000E+02  9.910000E+37  9.663198E+00  1.876102E-14
 4.6600000E+02  9.910000E+37  9.662177E+00  3.977179E-14
 4.6650000E+02  9.910000E+37  9.660688E+00  3.727951E-14
 4.6700000E+02  9.910000E+37  9.657758E+00  3.699763E-14
 4.6750000E+02  9.910000E+37  9.657076E+00  4.252971E-14
 4.6800000E+02  9.910000E+37  9.654592E+00  3.783552E-14
 4.6850000E+02  9.910000E+37  9.651949E+00  4.145231E-14
 4.6900000E+02  9.910000E+37  9.651000E+00  5.926900E-14
 4.6950000E+02  9.910000E+37  9.646959E+00  5.408483E-14
 4.7000000E+02  9.910000E+37  9.643545E+00  6.883444E-14
 4.7050000E+02  9.910000E+37  9.642774E+00  7.265682E-14
 4.7100000E+02  9.910000E+37  9.640126E+00  8.169587E-14
 4.7150000E+02  9.910000E+37  9.638292E+00  8.036678E-14
 4.7200000E+02  9.910000E+37  9.635299E+00  9.061226E-14
 4.7250000E+02  9.910000E+37  9.632361E+00  9.770797E-14
 4.7300000E+02  9.910000E+37  9.630419E+00  1.023190E-13
 4.7350000E+02  9.910000E+37  9.628789E+00  1.117844E-13
 4.7400000E+02  9.910000E+37  9.628171E+00  1.108261E-13
 4.7450000E+02  9.910000E+37  9.624391E+00  1.263094E-13
 4.7500000E+02  9.910000E+37  9.621347E+00  1.342594E-13
 4.7550000E+02  9.910000E+37  9.618334E+00  1.375236E-13
 4.7600000E+02  9.910000E+37  9.616440E+00  1.439538E-13
 4.7650000E+02  9.910000E+37  9.615182E+00  1.394145E-13
 4.7700000E+02  9.910000E+37  9.613450E+00  1.480955E-13
 4.7750000E+02  9.910000E+37  9.611351E+00  1.485139E-13
 4.7800000E+02  9.910000E+37  9.607915E+00  1.544520E-13
 4.7850000E+02  9.910000E+37  9.606000E+00  1.513516E-13
 4.7900000E+02  9.910000E+37  9.604297E+00  1.563481E-13
 4.7950000E+02  9.910000E+37  9.602311E+00  1.644757E-13
 4.8000000E+02  9.910000E+37  9.599802E+00  1.601548E-13
 4.8050000E+02  9.910000E+37  9.598582E+00  1.768843E-13
 4.8100000E+02  9.910000E+37  9.594774E+00  1.714244E-13
 4.8150000E+02  9.910000E+37  9.592769E+00  1.847686E-13
 4.8200000E+02  9.910000E+37  9.587622E+00  1.757735E-13
 4.8250000E+02  9.910000E+37  9.588060E+00  1.796741E-13
 4.8300000E+02  9.910000E+37  9.585339E+00  1.844921E-13
 4.8350000E+02  9.910000E+37  9.585742E+00  1.817848E-13
 4.8400000E+02  9.910000E+37  9.581711E+00  1.840123E-13
 4.8450000E+02  9.910000E+37  9.578162E+00  1.760192E-13
 4.8500000E+02  9.910000E+37  9.575718E+00  1.771274E-13
 4.8550000E+02  9.910000E+37  9.572865E+00  1.807207E-13
 4.8600000E+02  9.910000E+37  9.571645E+00  1.870166E-13
 4.8650000E+02  9.910000E+37  9.570950E+00  1.779274E-13
 4.8700000E+02  9.910000E+37  9.568315E+00  1.830620E-13
 4.8750000E+02  9.910000E+37  9.567585E+00  1.855930E-13
 4.8800000E+02  9.910000E+37  9.564224E+00  1.870599E-13
 4.8850000E+02  9.910000E+37  9.561682E+00  1.876171E-13
 4.8900000E+02  9.910000E+37  9.558875E+00  1.887687E-13
 4.8950000E+02  9.910000E+37  9.557871E+00  1.843339E-13
 4.9000000E+02  9.910000E+37  9.556835E+00  1.800167E-13
 4.9050000E+02  9.910000E+37  9.552023E+00  1.815907E-13
 4.9100000E+02  9.910000E+37  9.552236E+00  1.803307E-13
 4.9150000E+02  9.910000E+37  9.550667E+00  1.752401E-13
 4.9200000E+02  9.910000E+37  9.546782E+00  1.821900E-13
 4.9250000E+02  9.910000E+37  9.544103E+00  1.643101E-13
 4.9300000E+02  9.910000E+37  9.541982E+00  1.801562E-13
 4.9350000E+02  9.910000E+37  9.542262E+00  1.723333E-13
 4.9400000E+02  9.910000E+37  9.538300E+00  1.736848E-13
 4.9450000E+02  9.910000E+37  9.536338E+00  1.603986E-13
 4.9500000E+02  9.910000E+37  9.535313E+00  1.585047E-13
 4.9550000E+02  9.910000E+37  9.533032E+00  1.583440E-13
 4.9600000E+02  9.910000E+37  9.529254E+00  1.681100E-13
 4.9650000E+02  9.910000E+37  9.526671E+00  1.558050E-13
 4.9700000E+02  9.910000E+37  9.523494E+00  1.600259E-13
 4.9750000E+02  9.910000E+37  9.522569E+00  1.567036E-13
 4.9800000E+02  9.910000E+37  9.521283E+00  1.416699E-13
 4.9850000E+02  9.910000E+37  9.519258E+00  1.496100E-13
 4.9900000E+02  9.910000E+37  9.515386E+00  1.571835E-13
 4.9950000E+02  9.910000E+37  9.514617E+00  1.522766E-13
 5.0000000E+02  9.910000E+37  9.509994E+00  1.472997E-13

