

 2.8000000E+02  9.910000E+37  8.539222E-14  8.576624E+00
 2.8005000E+02  9.910000E+37  8.330133E-14  8.576624E+00
 2.8010000E+02  9.910000E+37  8.242125E-14  8.576624E+00
 2.8015000E+02  9.910000E+37  8.404599E-14  8.576624E+00
 2.8020000E+02  9.910000E+37  8.335324E-14  8.576624E+00
 2.8025000E+02  9.910000E+37  8.351983E-14  8.576624E+00
 2.8030000E+02  9.910000E+37  8.330768E-14  8.576624E+00
 2.8035000E+02  9.910000E+37  8.550164E-14  8.576624E+00
 2.8040000E+02  9.910000E+37  8.595739E-14  8.576624E+00
 2.8045000E+02  9.910000E+37  8.839723E-14  8.576624E+00
 2.8050000E+02  9.910000E+37  8.132341E-14  8.576624E+00
 2.8055000E+02  9.910000E+37  8.330115E-14  8.576624E+00
 2.8060000E+02  9.910000E+37  8.912833E-14  8.576624E+00
 2.8065000E+02  9.910000E+37  8.471793E-14  8.576624E+00
 2.8070000E+02  9.910000E+37  8.041281E-14  8.576624E+00
 2.8075000E+02  9.910000E+37  8.555144E-14  8.576624E+00
 2.8080000E+02  9.910000E+37  8.832187E-14  8.576624E+00
 2.8085000E+02  9.910000E+37  8.793815E-14  8.576624E+00
 2.8090000E+02  9.910000E+37  8.401160E-14  8.576624E+00
 2.8095000E+02  9.910000E+37  8.393567E-14  8.576624E+00
 2.8100000E+02  9.910000E+37  8.471740E-14  8.576624E+00
 2.8105000E+02  9.910000E+37  8.200434E-14  8.576624E+00
 2.8110000E+02  9.910000E+37  8.741318E-14  8.576624E+00
 2.8115000E+02  9.910000E+37  8.234764E-14  8.576624E+00
 2.8120000E+02  9.910000E+37  8.481628E-14  8.576624E+00
 2.8125000E+02  9.910000E+37  8.599005E-14  8.576624E+00
 2.8130000E+02  9.910000E+37  8.888510E-14  8.576624E+00
 2.8135000E+02  9.910000E+37  8.301449E-14  8.576624E+00
 2.8140000E+02  9.910000E+37  8.266890E-14  8.576624E+00
 2.8145000E+02  9.910000E+37  8.730605E-14  8.576624E+00
 2.8150000E+02  9.910000E+37  8.962515E-14  8.576624E+00
 2.8155000E+02  9.910000E+37  9.030878E-14  8.576624E+00
 2.8160000E+02  9.910000E+37  7.953078E-14  8.576624E+00
 2.8165000E+02  9.910000E+37  8.548399E-14  8.576624E+00
 2.8170000E+02  9.910000E+37  8.135605E-14  8.576624E+00
 2.8175000E+02  9.910000E+37  8.808038E-14  8.576624E+00
 2.8180000E+02  9.910000E+37  8.487892E-14  8.576624E+00
 2.8185000E+02  9.910000E+37  8.261825E-14  8.576624E+00
 2.8190000E+02  9.910000E+37  8.433650E-14  8.576624E+00
 2.8195000E+02  9.910000E+37  8.257445E-14  8.576624E+00
 2.8200000E+02  9.910000E+37  8.191982E-14  8.576624E+00
 2.8205000E+02  9.910000E+37  8.665724E-14  8.576624E+00
 2.8210000E+02  9.910000E+37  8.126921E-14  8.576624E+00
 2.8215000E+02  9.910000E+37  8.508807E-14  8.576624E+00
 2.8220000E+02  9.910000E+37  8.741690E-14  8.576624E+00
 2.8225000E+02  9.910000E+37  7.835455E-14  8.576624E+00
 2.8230000E+02  9.910000E+37  8.455610E-14  8.576624E+00
 2.8235000E+02  9.910000E+37  8.771519E-14  8.576624E+00
 2.8240000E+02  9.910000E+37  8.230230E-14  8.576624E+00
 2.8245000E+02  9.910000E+37  8.761776E-14  8.576624E+00
 2.8250000E+02  9.910000E+37  8.562163E-14  8.576624E+00
 2.8255000E+02  9.910000E+37  9.197004E-14  8.576624E+00
 2.8260000E+02  9.910000E+37  9.334412E-14  8.576624E+00
 2.8265000E+02  9.910000E+37  9.166330E-14  8.576624E+00
 2.8270000E+02  9.910000E+37  9.201135E-14  8.576624E+00
 2.8275000E+02  9.910000E+37  8.620344E-14  8.576624E+00
 2.8280000E+02  9.910000E+37  8.812010E-14  8.576624E+00
 2.8285000E+02  9.910000E+37  8.687730E-14  8.576624E+00
 2.8290000E+02  9.910000E+37  8.562713E-14  8.576624E+00
 2.8295000E+02  9.910000E+37  9.100223E-14  8.576624E+00
 2.8300000E+02  9.910000E+37  9.346082E-14  8.576624E+00
 2.8305000E+02  9.910000E+37  8.742696E-14  8.576624E+00
 2.8310000E+02  9.910000E+37  9.136781E-14  8.576624E+00
 2.8315000E+02  9.910000E+37  9.449054E-14  8.576624E+00
 2.8320000E+02  9.910000E+37  9.605776E-14  8.576624E+00
 2.8325000E+02  9.910000E+37  9.191057E-14  8.576624E+00
 2.8330000E+02  9.910000E+37  8.987352E-14  8.576624E+00
 2.8335000E+02  9.910000E+37  9.683100E-14  8.576624E+00
 2.8340000E+02  9.910000E+37  9.783395E-14  8.576624E+00
 2.8345000E+02  9.910000E+37  9.511606E-14  8.576624E+00
 2.8350000E+02  9.910000E+37  9.846793E-14  8.576624E+00
 2.8355000E+02  9.910000E+37  1.023239E-13  8.576624E+00
 2.8360000E+02  9.910000E+37  9.656274E-14  8.576624E+00
 2.8365000E+02  9.910000E+37  1.024351E-13  8.576624E+00
 2.8370000E+02  9.910000E+37  1.039022E-13  8.576624E+00
 2.8375000E+02  9.910000E+37  1.132523E-13  8.576624E+00
 2.8380000E+02  9.910000E+37  1.131449E-13  8.576624E+00
 2.8385000E+02  9.910000E+37  1.211241E-13  8.576624E+00
 2.8390000E+02  9.910000E+37  1.290582E-13  8.576624E+00
 2.8395000E+02  9.910000E+37  1.400879E-13  8.576624E+00
 2.8400000E+02  9.910000E+37  1.534751E-13  8.576624E+00
 2.8405000E+02  9.910000E+37  1.792300E-13  8.576624E+00
 2.8410000E+02  9.910000E+37  2.095818E-13  8.576624E+00
 2.8415000E+02  9.910000E+37  2.551246E-13  8.576624E+00
 2.8420000E+02  9.910000E+37  3.095555E-13  8.576624E+00
 2.8425000E+02  9.910000E+37  3.658817E-13  8.576624E+00
 2.8430000E+02  9.910000E+37  4.506404E-13  8.576624E+00
 2.8435000E+02  9.910000E+37  5.352692E-13  8.576624E+00
 2.8440000E+02  9.910000E+37  6.544574E-13  8.576624E+00
 2.8445000E+02  9.910000E+37  7.710911E-13  8.576624E+00
 2.8450000E+02  9.910000E+37  8.938726E-13  8.576624E+00
 2.8455000E+02  9.910000E+37  1.031955E-12  8.576624E+00
 2.8460000E+02  9.910000E+37  1.175294E-12  8.576624E+00
 2.8465000E+02  9.910000E+37  1.324469E-12  8.576624E+00
 2.8470000E+02  9.910000E+37  1.471943E-12  8.576624E+00
 2.8475000E+02  9.910000E+37  1.605296E-12  8.576624E+00
 2.8480000E+02  9.910000E+37  1.723118E-12  8.576624E+00
 2.8485000E+02  9.910000E+37  1.850391E-12  8.576624E+00
 2.8490000E+02  9.910000E+37  1.948803E-12  8.576624E+00
 2.8495000E+02  9.910000E+37  2.024775E-12  8.576624E+00
 2.8500000E+02  9.910000E+37  2.070205E-12  8.576624E+00
 2.8505000E+02  9.910000E+37  2.103965E-12  8.576624E+00
 2.8510000E+02  9.910000E+37  2.115728E-12  8.576624E+00
 2.8515000E+02  9.910000E+37  2.117524E-12  8.576624E+00
 2.8520000E+02  9.910000E+37  2.107308E-12  8.576624E+00
 2.8525000E+02  9.910000E+37  2.078225E-12  8.576624E+00
 2.8530000E+02  9.910000E+37  2.048133E-12  8.576624E+00
 2.8535000E+02  9.910000E+37  2.003160E-12  8.576624E+00
 2.8540000E+02  9.910000E+37  1.932082E-12  8.576624E+00
 2.8545000E+02  9.910000E+37  1.832990E-12  8.576624E+00
 2.8550000E+02  9.910000E+37  1.704994E-12  8.576624E+00
 2.8555000E+02  9.910000E+37  1.564286E-12  8.576624E+00
 2.8560000E+02  9.910000E+37  1.416763E-12  8.576624E+00
 2.8565000E+02  9.910000E+37  1.282138E-12  8.576624E+00
 2.8570000E+02  9.910000E+37  1.175844E-12  8.576624E+00
 2.8575000E+02  9.910000E+37  1.066542E-12  8.576624E+00
 2.8580000E+02  9.910000E+37  9.948706E-13  8.576624E+00
 2.8585000E+02  9.910000E+37  9.448947E-13  8.576624E+00
 2.8590000E+02  9.910000E+37  9.150307E-13  8.576624E+00
 2.8595000E+02  9.910000E+37  8.960623E-13  8.576624E+00
 2.8600000E+02  9.910000E+37  8.828584E-13  8.576624E+00
 2.8605000E+02  9.910000E+37  8.746113E-13  8.576624E+00
 2.8610000E+02  9.910000E+37  8.692472E-13  8.576624E+00
 2.8615000E+02  9.910000E+37  8.547976E-13  8.576624E+00
 2.8620000E+02  9.910000E+37  8.534008E-13  8.576624E+00
 2.8625000E+02  9.910000E+37  8.340813E-13  8.576624E+00
 2.8630000E+02  9.910000E+37  8.322669E-13  8.576624E+00
 2.8635000E+02  9.910000E+37  8.171614E-13  8.576624E+00
 2.8640000E+02  9.910000E+37  8.105813E-13  8.576624E+00
 2.8645000E+02  9.910000E+37  8.047337E-13  8.576624E+00
 2.8650000E+02  9.910000E+37  8.055927E-13  8.576624E+00
 2.8655000E+02  9.910000E+37  7.981895E-13  8.576624E+00
 2.8660000E+02  9.910000E+37  7.935258E-13  8.576624E+00
 2.8665000E+02  9.910000E+37  8.013985E-13  8.576624E+00
 2.8670000E+02  9.910000E+37  7.992339E-13  8.576624E+00
 2.8675000E+02  9.910000E+37  8.065105E-13  8.576624E+00
 2.8680000E+02  9.910000E+37  8.022961E-13  8.576624E+00
 2.8685000E+02  9.910000E+37  7.931838E-13  8.576624E+00
 2.8690000E+02  9.910000E+37  7.928625E-13  8.576624E+00
 2.8695000E+02  9.910000E+37  7.943239E-13  8.576624E+00
 2.8700000E+02  9.910000E+37  7.882655E-13  8.576624E+00
 2.8705000E+02  9.910000E+37  7.876633E-13  8.576624E+00
 2.8710000E+02  9.910000E+37  7.914315E-13  8.576624E+00
 2.8715000E+02  9.910000E+37  7.900163E-13  8.576624E+00
 2.8720000E+02  9.910000E+37  7.850708E-13  8.576624E+00
 2.8725000E+02  9.910000E+37  7.896640E-13  8.576624E+00
 2.8730000E+02  9.910000E+37  7.902524E-13  8.576624E+00
 2.8735000E+02  9.910000E+37  7.853520E-13  8.576624E+00
 2.8740000E+02  9.910000E+37  7.834972E-13  8.576624E+00
 2.8745000E+02  9.910000E+37  7.906751E-13  8.576624E+00
 2.8750000E+02  9.910000E+37  7.836469E-13  8.576624E+00
 2.8755000E+02  9.910000E+37  7.808008E-13  8.576624E+00
 2.8760000E+02  9.910000E+37  7.804504E-13  8.576624E+00
 2.8765000E+02  9.910000E+37  7.785121E-13  8.576624E+00
 2.8770000E+02  9.910000E+37  7.740287E-13  8.576624E+00
 2.8775000E+02  9.910000E+37  7.726671E-13  8.576624E+00
 2.8780000E+02  9.910000E+37  7.724199E-13  8.576624E+00
 2.8785000E+02  9.910000E+37  7.750427E-13  8.576624E+00
 2.8790000E+02  9.910000E+37  7.794352E-13  8.576624E+00
 2.8795000E+02  9.910000E+37  7.747719E-13  8.576624E+00
 2.8800000E+02  9.910000E+37  7.732292E-13  8.576624E+00
 2.8805000E+02  9.910000E+37  7.810801E-13  8.576624E+00
 2.8810000E+02  9.910000E+37  7.787463E-13  8.576624E+00
 2.8815000E+02  9.910000E+37  7.756750E-13  8.576624E+00
 2.8820000E+02  9.910000E+37  7.739556E-13  8.576624E+00
 2.8825000E+02  9.910000E+37  7.677722E-13  8.576624E+00
 2.8830000E+02  9.910000E+37  7.756714E-13  8.576624E+00
 2.8835000E+02  9.910000E+37  7.815152E-13  8.576624E+00
 2.8840000E+02  9.910000E+37  7.824418E-13  8.576624E+00
 2.8845000E+02  9.910000E+37  7.759777E-13  8.576624E+00
 2.8850000E+02  9.910000E+37  7.718570E-13  8.576624E+00
 2.8855000E+02  9.910000E+37  7.782177E-13  8.576624E+00
 2.8860000E+02  9.910000E+37  7.740930E-13  8.576624E+00
 2.8865000E+02  9.910000E+37  7.763974E-13  8.576624E+00
 2.8870000E+02  9.910000E+37  7.816212E-13  8.576624E+00
 2.8875000E+02  9.910000E+37  7.702953E-13  8.576624E+00
 2.8880000E+02  9.910000E+37  7.685902E-13  8.576624E+00
 2.8885000E+02  9.910000E+37  7.696737E-13  8.576624E+00
 2.8890000E+02  9.910000E+37  7.663626E-13  8.576624E+00
 2.8895000E+02  9.910000E+37  7.705732E-13  8.576624E+00
 2.8900000E+02  9.910000E+37  7.669290E-13  8.576624E+00
 2.8905000E+02  9.910000E+37  7.682472E-13  8.576624E+00
 2.8910000E+02  9.910000E+37  7.667772E-13  8.576624E+00
 2.8915000E+02  9.910000E+37  7.648246E-13  8.576624E+00
 2.8920000E+02  9.910000E+37  7.650534E-13  8.576624E+00
 2.8925000E+02  9.910000E+37  7.635418E-13  8.576624E+00
 2.8930000E+02  9.910000E+37  7.579675E-13  8.576624E+00
 2.8935000E+02  9.910000E+37  7.585785E-13  8.576624E+00
 2.8940000E+02  9.910000E+37  7.571880E-13  8.576624E+00
 2.8945000E+02  9.910000E+37  7.613105E-13  8.576624E+00
 2.8950000E+02  9.910000E+37  7.578280E-13  8.576624E+00
 2.8955000E+02  9.910000E+37  7.598136E-13  8.576624E+00
 2.8960000E+02  9.910000E+37  7.544015E-13  8.576624E+00
 2.8965000E+02  9.910000E+37  7.547704E-13  8.576624E+00
 2.8970000E+02  9.910000E+37  7.476422E-13  8.576624E+00
 2.8975000E+02  9.910000E+37  7.485130E-13  8.576624E+00
 2.8980000E+02  9.910000E+37  7.516737E-13  8.576624E+00
 2.8985000E+02  9.910000E+37  7.480206E-13  8.576624E+00
 2.8990000E+02  9.910000E+37  7.347624E-13  8.576624E+00
 2.8995000E+02  9.910000E+37  7.278143E-13  8.576624E+00
 2.9000000E+02  9.910000E+37  7.228518E-13  8.576624E+00
 2.9005000E+02  9.910000E+37  7.156092E-13  8.576624E+00
 2.9010000E+02  9.910000E+37  7.102685E-13  8.576624E+00
 2.9015000E+02  9.910000E+37  7.084048E-13  8.576624E+00
 2.9020000E+02  9.910000E+37  7.131231E-13  8.576624E+00
 2.9025000E+02  9.910000E+37  7.171049E-13  8.576624E+00
 2.9030000E+02  9.910000E+37  7.219292E-13  8.576624E+00
 2.9035000E+02  9.910000E+37  7.379496E-13  8.576624E+00
 2.9040000E+02  9.910000E+37  7.479997E-13  8.576624E+00
 2.9045000E+02  9.910000E+37  7.559462E-13  8.576624E+00
 2.9050000E+02  9.910000E+37  7.679371E-13  8.576624E+00
 2.9055000E+02  9.910000E+37  7.838894E-13  8.576624E+00
 2.9060000E+02  9.910000E+37  7.886419E-13  8.576624E+00
 2.9065000E+02  9.910000E+37  7.970208E-13  8.576624E+00
 2.9070000E+02  9.910000E+37  8.167097E-13  8.576624E+00
 2.9075000E+02  9.910000E+37  8.223932E-13  8.576624E+00
 2.9080000E+02  9.910000E+37  8.345887E-13  8.576624E+00
 2.9085000E+02  9.910000E+37  8.487382E-13  8.576624E+00
 2.9090000E+02  9.910000E+37  8.690471E-13  8.576624E+00
 2.9095000E+02  9.910000E+37  8.936994E-13  8.576624E+00
 2.9100000E+02  9.910000E+37  9.311039E-13  8.576624E+00
 2.9105000E+02  9.910000E+37  9.766193E-13  8.576624E+00
 2.9110000E+02  9.910000E+37  1.045412E-12  8.576624E+00
 2.9115000E+02  9.910000E+37  1.131272E-12  8.576624E+00
 2.9120000E+02  9.910000E+37  1.211451E-12  8.576624E+00
 2.9125000E+02  9.910000E+37  1.284091E-12  8.576624E+00
 2.9130000E+02  9.910000E+37  1.353492E-12  8.576624E+00
 2.9135000E+02  9.910000E+37  1.396761E-12  8.576624E+00
 2.9140000E+02  9.910000E+37  1.437009E-12  8.576624E+00
 2.9145000E+02  9.910000E+37  1.431212E-12  8.576624E+00
 2.9150000E+02  9.910000E+37  1.430074E-12  8.576624E+00
 2.9155000E+02  9.910000E+37  1.406790E-12  8.576624E+00
 2.9160000E+02  9.910000E+37  1.362151E-12  8.576624E+00
 2.9165000E+02  9.910000E+37  1.308770E-12  8.576624E+00
 2.9170000E+02  9.910000E+37  1.261989E-12  8.576624E+00
 2.9175000E+02  9.910000E+37  1.232475E-12  8.576624E+00
 2.9180000E+02  9.910000E+37  1.223094E-12  8.576624E+00
 2.9185000E+02  9.910000E+37  1.216103E-12  8.576624E+00
 2.9190000E+02  9.910000E+37  1.219770E-12  8.576624E+00
 2.9195000E+02  9.910000E+37  1.231284E-12  8.576624E+00
 2.9200000E+02  9.910000E+37  1.235112E-12  8.576624E+00
 2.9205000E+02  9.910000E+37  1.252061E-12  8.576624E+00
 2.9210000E+02  9.910000E+37  1.253243E-12  8.576624E+00
 2.9215000E+02  9.910000E+37  1.264037E-12  8.576624E+00
 2.9220000E+02  9.910000E+37  1.268496E-12  8.576624E+00
 2.9225000E+02  9.910000E+37  1.274938E-12  8.576624E+00
 2.9230000E+02  9.910000E+37  1.279700E-12  8.576624E+00
 2.9235000E+02  9.910000E+37  1.285302E-12  8.576624E+00
 2.9240000E+02  9.910000E+37  1.286150E-12  8.576624E+00
 2.9245000E+02  9.910000E+37  1.283072E-12  8.576624E+00
 2.9250000E+02  9.910000E+37  1.286547E-12  8.576624E+00
 2.9255000E+02  9.910000E+37  1.285002E-12  8.576624E+00
 2.9260000E+02  9.910000E+37  1.285882E-12  8.576624E+00
 2.9265000E+02  9.910000E+37  1.283491E-12  8.576624E+00
 2.9270000E+02  9.910000E+37  1.279955E-12  8.576624E+00
 2.9275000E+02  9.910000E+37  1.277225E-12  8.576624E+00
 2.9280000E+02  9.910000E+37  1.270475E-12  8.576624E+00
 2.9285000E+02  9.910000E+37  1.263549E-12  8.576624E+00
 2.9290000E+02  9.910000E+37  1.258415E-12  8.576624E+00
 2.9295000E+02  9.910000E+37  1.251332E-12  8.576624E+00
 2.9300000E+02  9.910000E+37  1.247626E-12  8.576624E+00
 2.9305000E+02  9.910000E+37  1.242052E-12  8.576624E+00
 2.9310000E+02  9.910000E+37  1.223934E-12  8.576624E+00
 2.9315000E+02  9.910000E+37  1.228208E-12  8.576624E+00
 2.9320000E+02  9.910000E+37  1.217684E-12  8.576624E+00
 2.9325000E+02  9.910000E+37  1.210984E-12  8.576624E+00
 2.9330000E+02  9.910000E+37  1.206000E-12  8.576624E+00
 2.9335000E+02  9.910000E+37  1.209771E-12  8.576624E+00
 2.9340000E+02  9.910000E+37  1.202815E-12  8.576624E+00
 2.9345000E+02  9.910000E+37  1.192353E-12  8.576624E+00
 2.9350000E+02  9.910000E+37  1.191854E-12  8.576624E+00
 2.9355000E+02  9.910000E+37  1.180116E-12  8.576624E+00
 2.9360000E+02  9.910000E+37  1.177971E-12  8.576624E+00
 2.9365000E+02  9.910000E+37  1.175921E-12  8.576624E+00
 2.9370000E+02  9.910000E+37  1.175476E-12  8.576624E+00
 2.9375000E+02  9.910000E+37  1.174108E-12  8.576624E+00
 2.9380000E+02  9.910000E+37  1.166249E-12  8.576624E+00
 2.9385000E+02  9.910000E+37  1.168975E-12  8.576624E+00
 2.9390000E+02  9.910000E+37  1.167023E-12  8.576624E+00
 2.9395000E+02  9.910000E+37  1.167249E-12  8.576624E+00
 2.9400000E+02  9.910000E+37  1.162429E-12  8.576624E+00
 2.9405000E+02  9.910000E+37  1.163354E-12  8.576624E+00
 2.9410000E+02  9.910000E+37  1.159573E-12  8.576624E+00
 2.9415000E+02  9.910000E+37  1.163971E-12  8.576624E+00
 2.9420000E+02  9.910000E+37  1.159933E-12  8.576624E+00
 2.9425000E+02  9.910000E+37  1.160296E-12  8.576624E+00
 2.9430000E+02  9.910000E+37  1.157547E-12  8.576624E+00
 2.9435000E+02  9.910000E+37  1.159392E-12  8.576624E+00
 2.9440000E+02  9.910000E+37  1.153002E-12  8.576624E+00
 2.9445000E+02  9.910000E+37  1.157530E-12  8.576624E+00
 2.9450000E+02  9.910000E+37  1.158707E-12  8.576624E+00
 2.9455000E+02  9.910000E+37  1.155160E-12  8.576624E+00
 2.9460000E+02  9.910000E+37  1.154301E-12  8.576624E+00
 2.9465000E+02  9.910000E+37  1.149931E-12  8.576624E+00
 2.9470000E+02  9.910000E+37  1.148919E-12  8.576624E+00
 2.9475000E+02  9.910000E+37  1.148576E-12  8.576624E+00
 2.9480000E+02  9.910000E+37  1.142810E-12  8.576624E+00
 2.9485000E+02  9.910000E+37  1.144087E-12  8.576624E+00
 2.9490000E+02  9.910000E+37  1.137367E-12  8.576624E+00
 2.9495000E+02  9.910000E+37  1.132072E-12  8.576624E+00
 2.9500000E+02  9.910000E+37  1.133030E-12  8.576624E+00
 2.9505000E+02  9.910000E+37  1.129230E-12  8.576624E+00
 2.9510000E+02  9.910000E+37  1.121860E-12  8.576624E+00
 2.9515000E+02  9.910000E+37  1.118118E-12  8.576624E+00
 2.9520000E+02  9.910000E+37  1.119797E-12  8.576624E+00
 2.9525000E+02  9.910000E+37  1.113136E-12  8.576624E+00
 2.9530000E+02  9.910000E+37  1.109010E-12  8.576624E+00
 2.9535000E+02  9.910000E+37  1.108780E-12  8.576624E+00
 2.9540000E+02  9.910000E+37  1.105988E-12  8.576624E+00
 2.9545000E+02  9.910000E+37  1.103148E-12  8.576624E+00
 2.9550000E+02  9.910000E+37  1.091756E-12  8.576624E+00
 2.9555000E+02  9.910000E+37  1.090670E-12  8.576624E+00
 2.9560000E+02  9.910000E+37  1.086888E-12  8.576624E+00
 2.9565000E+02  9.910000E+37  1.093182E-12  8.576624E+00
 2.9570000E+02  9.910000E+37  1.090771E-12  8.576624E+00
 2.9575000E+02  9.910000E+37  1.084215E-12  8.576624E+00
 2.9580000E+02  9.910000E+37  1.082273E-12  8.576624E+00
 2.9585000E+02  9.910000E+37  1.083091E-12  8.576624E+00
 2.9590000E+02  9.910000E+37  1.079769E-12  8.576624E+00
 2.9595000E+02  9.910000E+37  1.080499E-12  8.576624E+00
 2.9600000E+02  9.910000E+37  1.072986E-12  8.576624E+00
 2.9605000E+02  9.910000E+37  1.071563E-12  8.576624E+00
 2.9610000E+02  9.910000E+37  1.064131E-12  8.576624E+00
 2.9615000E+02  9.910000E+37  1.059364E-12  8.576624E+00
 2.9620000E+02  9.910000E+37  1.059663E-12  8.576624E+00
 2.9625000E+02  9.910000E+37  1.055985E-12  8.576624E+00
 2.9630000E+02  9.910000E+37  1.045155E-12  8.576624E+00
 2.9635000E+02  9.910000E+37  1.046470E-12  8.576624E+00
 2.9640000E+02  9.910000E+37  1.041409E-12  8.576624E+00
 2.9645000E+02  9.910000E+37  1.039828E-12  8.576624E+00
 2.9650000E+02  9.910000E+37  1.035418E-12  8.576624E+00
 2.9655000E+02  9.910000E+37  1.032950E-12  8.576624E+00
 2.9660000E+02  9.910000E+37  1.024550E-12  8.576624E+00
 2.9665000E+02  9.910000E+37  1.018673E-12  8.576624E+00
 2.9670000E+02  9.910000E+37  1.019853E-12  8.576624E+00
 2.9675000E+02  9.910000E+37  1.010369E-12  8.576624E+00
 2.9680000E+02  9.910000E+37  1.011752E-12  8.576624E+00
 2.9685000E+02  9.910000E+37  1.004700E-12  8.576624E+00
 2.9690000E+02  9.910000E+37  1.000677E-12  8.576624E+00
 2.9695000E+02  9.910000E+37  9.916218E-13  8.576624E+00
 2.9700000E+02  9.910000E+37  9.851420E-13  8.576624E+00
 2.9705000E+02  9.910000E+37  9.857192E-13  8.576624E+00
 2.9710000E+02  9.910000E+37  9.834872E-13  8.576624E+00
 2.9715000E+02  9.910000E+37  9.801678E-13  8.576624E+00
 2.9720000E+02  9.910000E+37  9.802119E-13  8.576624E+00
 2.9725000E+02  9.910000E+37  9.760186E-13  8.576624E+00
 2.9730000E+02  9.910000E+37  9.781451E-13  8.576624E+00
 2.9735000E+02  9.910000E+37  9.764970E-13  8.576624E+00
 2.9740000E+02  9.910000E+37  9.734767E-13  8.576624E+00
 2.9745000E+02  9.910000E+37  9.725128E-13  8.576624E+00
 2.9750000E+02  9.910000E+37  9.701572E-13  8.576624E+00
 2.9755000E+02  9.910000E+37  9.670884E-13  8.576624E+00
 2.9760000E+02  9.910000E+37  9.619543E-13  8.576624E+00
 2.9765000E+02  9.910000E+37  9.634503E-13  8.576624E+00
 2.9770000E+02  9.910000E+37  9.636725E-13  8.576624E+00
 2.9775000E+02  9.910000E+37  9.531757E-13  8.576624E+00
 2.9780000E+02  9.910000E+37  9.544136E-13  8.576624E+00
 2.9785000E+02  9.910000E+37  9.529277E-13  8.576624E+00
 2.9790000E+02  9.910000E+37  9.550709E-13  8.576624E+00
 2.9795000E+02  9.910000E+37  9.531455E-13  8.576624E+00
 2.9800000E+02  9.910000E+37  9.493874E-13  8.576624E+00
 2.9805000E+02  9.910000E+37  9.486116E-13  8.576624E+00
 2.9810000E+02  9.910000E+37  9.452427E-13  8.576624E+00
 2.9815000E+02  9.910000E+37  9.447986E-13  8.576624E+00
 2.9820000E+02  9.910000E+37  9.414621E-13  8.576624E+00
 2.9825000E+02  9.910000E+37  9.334435E-13  8.576624E+00
 2.9830000E+02  9.910000E+37  9.349787E-13  8.576624E+00
 2.9835000E+02  9.910000E+37  9.328215E-13  8.576624E+00
 2.9840000E+02  9.910000E+37  9.364139E-13  8.576624E+00
 2.9845000E+02  9.910000E+37  9.297284E-13  8.576624E+00
 2.9850000E+02  9.910000E+37  9.274699E-13  8.576624E+00
 2.9855000E+02  9.910000E+37  9.218312E-13  8.576624E+00
 2.9860000E+02  9.910000E+37  9.259025E-13  8.576624E+00
 2.9865000E+02  9.910000E+37  9.216312E-13  8.576624E+00
 2.9870000E+02  9.910000E+37  9.228879E-13  8.576624E+00
 2.9875000E+02  9.910000E+37  9.159290E-13  8.576624E+00
 2.9880000E+02  9.910000E+37  9.134669E-13  8.576624E+00
 2.9885000E+02  9.910000E+37  9.136488E-13  8.576624E+00
 2.9890000E+02  9.910000E+37  9.074507E-13  8.576624E+00
 2.9895000E+02  9.910000E+37  9.057814E-13  8.576624E+00
 2.9900000E+02  9.910000E+37  9.055828E-13  8.576624E+00
 2.9905000E+02  9.910000E+37  8.992436E-13  8.576624E+00
 2.9910000E+02  9.910000E+37  9.035518E-13  8.576624E+00
 2.9915000E+02  9.910000E+37  9.047388E-13  8.576624E+00
 2.9920000E+02  9.910000E+37  9.008034E-13  8.576624E+00
 2.9925000E+02  9.910000E+37  9.033339E-13  8.576624E+00
 2.9930000E+02  9.910000E+37  8.970828E-13  8.576624E+00
 2.9935000E+02  9.910000E+37  8.939058E-13  8.576624E+00
 2.9940000E+02  9.910000E+37  8.978176E-13  8.576624E+00
 2.9945000E+02  9.910000E+37  8.932487E-13  8.576624E+00
 2.9950000E+02  9.910000E+37  8.880286E-13  8.576624E+00
 2.9955000E+02  9.910000E+37  8.923412E-13  8.576624E+00
 2.9960000E+02  9.910000E+37  8.898933E-13  8.576624E+00
 2.9965000E+02  9.910000E+37  8.936069E-13  8.576624E+00
 2.9970000E+02  9.910000E+37  8.936760E-13  8.576624E+00
 2.9975000E+02  9.910000E+37  8.961960E-13  8.576624E+00
 2.9980000E+02  9.910000E+37  8.923599E-13  8.576624E+00
 2.9985000E+02  9.910000E+37  8.929825E-13  8.576624E+00
 2.9990000E+02  9.910000E+37  8.939108E-13  8.576624E+00
 2.9995000E+02  9.910000E+37  8.965678E-13  8.576624E+00
 3.0000000E+02  9.910000E+37  8.960794E-13  8.576624E+00
 3.0005000E+02  9.910000E+37  8.917561E-13  8.576624E+00
 3.0010000E+02  9.910000E+37  8.976407E-13  8.576624E+00
 3.0015000E+02  9.910000E+37  8.952887E-13  8.576624E+00
 3.0020000E+02  9.910000E+37  8.950561E-13  8.576624E+00
 3.0025000E+02  9.910000E+37  8.933673E-13  8.576624E+00
 3.0030000E+02  9.910000E+37  9.055953E-13  8.576624E+00
 3.0035000E+02  9.910000E+37  8.963758E-13  8.576624E+00
 3.0040000E+02  9.910000E+37  8.981605E-13  8.576624E+00
 3.0045000E+02  9.910000E+37  9.011183E-13  8.576624E+00
 3.0050000E+02  9.910000E+37  9.032850E-13  8.576624E+00
 3.0055000E+02  9.910000E+37  9.018246E-13  8.576624E+00
 3.0060000E+02  9.910000E+37  9.035720E-13  8.576624E+00
 3.0065000E+02  9.910000E+37  9.048574E-13  8.576624E+00
 3.0070000E+02  9.910000E+37  9.046722E-13  8.576624E+00
 3.0075000E+02  9.910000E+37  9.055116E-13  8.576624E+00
 3.0080000E+02  9.910000E+37  8.994343E-13  8.576624E+00
 3.0085000E+02  9.910000E+37  9.112649E-13  8.576624E+00
 3.0090000E+02  9.910000E+37  9.086499E-13  8.576624E+00
 3.0095000E+02  9.910000E+37  9.131430E-13  8.576624E+00
 3.0100000E+02  9.910000E+37  9.102290E-13  8.576624E+00
 3.0105000E+02  9.910000E+37  9.098125E-13  8.576624E+00
 3.0110000E+02  9.910000E+37  9.137449E-13  8.576624E+00
 3.0115000E+02  9.910000E+37  9.118533E-13  8.576624E+00
 3.0120000E+02  9.910000E+37  9.192539E-13  8.576624E+00
 3.0125000E+02  9.910000E+37  9.168945E-13  8.576624E+00
 3.0130000E+02  9.910000E+37  9.219091E-13  8.576624E+00
 3.0135000E+02  9.910000E+37  9.204556E-13  8.576624E+00
 3.0140000E+02  9.910000E+37  9.185804E-13  8.576624E+00
 3.0145000E+02  9.910000E+37  9.294846E-13  8.576624E+00
 3.0150000E+02  9.910000E+37  9.273479E-13  8.576624E+00
 3.0155000E+02  9.910000E+37  9.195231E-13  8.576624E+00
 3.0160000E+02  9.910000E+37  9.262316E-13  8.576624E+00
 3.0165000E+02  9.910000E+37  9.219039E-13  8.576624E+00
 3.0170000E+02  9.910000E+37  9.276841E-13  8.576624E+00
 3.0175000E+02  9.910000E+37  9.277818E-13  8.576624E+00
 3.0180000E+02  9.910000E+37  9.283537E-13  8.576624E+00
 3.0185000E+02  9.910000E+37  9.314866E-13  8.576624E+00
 3.0190000E+02  9.910000E+37  9.367768E-13  8.576624E+00
 3.0195000E+02  9.910000E+37  9.348276E-13  8.576624E+00
 3.0200000E+02  9.910000E+37  9.479866E-13  8.576624E+00
 3.0205000E+02  9.910000E+37  9.481624E-13  8.576624E+00
 3.0210000E+02  9.910000E+37  9.508344E-13  8.576624E+00
 3.0215000E+02  9.910000E+37  9.500451E-13  8.576624E+00
 3.0220000E+02  9.910000E+37  9.575426E-13  8.576624E+00
 3.0225000E+02  9.910000E+37  9.613032E-13  8.576624E+00
 3.0230000E+02  9.910000E+37  9.646724E-13  8.576624E+00
 3.0235000E+02  9.910000E+37  9.647983E-13  8.576624E+00
 3.0240000E+02  9.910000E+37  9.706410E-13  8.576624E+00
 3.0245000E+02  9.910000E+37  9.712258E-13  8.576624E+00
 3.0250000E+02  9.910000E+37  9.742114E-13  8.576624E+00
 3.0255000E+02  9.910000E+37  9.796842E-13  8.576624E+00
 3.0260000E+02  9.910000E+37  9.793739E-13  8.576624E+00
 3.0265000E+02  9.910000E+37  9.888601E-13  8.576624E+00
 3.0270000E+02  9.910000E+37  9.882322E-13  8.576624E+00
 3.0275000E+02  9.910000E+37  9.965723E-13  8.576624E+00
 3.0280000E+02  9.910000E+37  9.988516E-13  8.576624E+00
 3.0285000E+02  9.910000E+37  9.992922E-13  8.576624E+00
 3.0290000E+02  9.910000E+37  1.004997E-12  8.576624E+00
 3.0295000E+02  9.910000E+37  1.008992E-12  8.576624E+00
 3.0300000E+02  9.910000E+37  1.015894E-12  8.576624E+00
 3.0305000E+02  9.910000E+37  1.016838E-12  8.576624E+00
 3.0310000E+02  9.910000E+37  1.011959E-12  8.576624E+00
 3.0315000E+02  9.910000E+37  1.017886E-12  8.576624E+00
 3.0320000E+02  9.910000E+37  1.019502E-12  8.576624E+00
 3.0325000E+02  9.910000E+37  1.025370E-12  8.576624E+00
 3.0330000E+02  9.910000E+37  1.028669E-12  8.576624E+00
 3.0335000E+02  9.910000E+37  1.031626E-12  8.576624E+00
 3.0340000E+02  9.910000E+37  1.032604E-12  8.576624E+00
 3.0345000E+02  9.910000E+37  1.029856E-12  8.576624E+00
 3.0350000E+02  9.910000E+37  1.035032E-12  8.576624E+00
 3.0355000E+02  9.910000E+37  1.036171E-12  8.576624E+00
 3.0360000E+02  9.910000E+37  1.038509E-12  8.576624E+00
 3.0365000E+02  9.910000E+37  1.033993E-12  8.576624E+00
 3.0370000E+02  9.910000E+37  1.036628E-12  8.576624E+00
 3.0375000E+02  9.910000E+37  1.036766E-12  8.576624E+00
 3.0380000E+02  9.910000E+37  1.036549E-12  8.576624E+00
 3.0385000E+02  9.910000E+37  1.032004E-12  8.576624E+00
 3.0390000E+02  9.910000E+37  1.038140E-12  8.576624E+00
 3.0395000E+02  9.910000E+37  1.042293E-12  8.576624E+00
 3.0400000E+02  9.910000E+37  1.036258E-12  8.576624E+00
 3.0405000E+02  9.910000E+37  1.032818E-12  8.576624E+00
 3.0410000E+02  9.910000E+37  1.031167E-12  8.576624E+00
 3.0415000E+02  9.910000E+37  1.030757E-12  8.576624E+00
 3.0420000E+02  9.910000E+37  1.030511E-12  8.576624E+00
 3.0425000E+02  9.910000E+37  1.029126E-12  8.576624E+00
 3.0430000E+02  9.910000E+37  1.025001E-12  8.576624E+00
 3.0435000E+02  9.910000E+37  1.033220E-12  8.576624E+00
 3.0440000E+02  9.910000E+37  1.022790E-12  8.576624E+00
 3.0445000E+02  9.910000E+37  1.027242E-12  8.576624E+00
 3.0450000E+02  9.910000E+37  1.018860E-12  8.576624E+00
 3.0455000E+02  9.910000E+37  1.020792E-12  8.576624E+00
 3.0460000E+02  9.910000E+37  1.018476E-12  8.576624E+00
 3.0465000E+02  9.910000E+37  1.021053E-12  8.576624E+00
 3.0470000E+02  9.910000E+37  1.013739E-12  8.576624E+00
 3.0475000E+02  9.910000E+37  1.017371E-12  8.576624E+00
 3.0480000E+02  9.910000E+37  1.017086E-12  8.576624E+00
 3.0485000E+02  9.910000E+37  1.015177E-12  8.576624E+00
 3.0490000E+02  9.910000E+37  1.013445E-12  8.576624E+00
 3.0495000E+02  9.910000E+37  1.013980E-12  8.576624E+00
 3.0500000E+02  9.910000E+37  1.017979E-12  8.576624E+00
 3.0505000E+02  9.910000E+37  1.015262E-12  8.576624E+00
 3.0510000E+02  9.910000E+37  1.019223E-12  8.576624E+00
 3.0515000E+02  9.910000E+37  1.016056E-12  8.576624E+00
 3.0520000E+02  9.910000E+37  1.020165E-12  8.576624E+00
 3.0525000E+02  9.910000E+37  1.017972E-12  8.576624E+00
 3.0530000E+02  9.910000E+37  1.021042E-12  8.576624E+00
 3.0535000E+02  9.910000E+37  1.020289E-12  8.576624E+00
 3.0540000E+02  9.910000E+37  1.014734E-12  8.576624E+00
 3.0545000E+02  9.910000E+37  1.017730E-12  8.576624E+00
 3.0550000E+02  9.910000E+37  1.027966E-12  8.576624E+00
 3.0555000E+02  9.910000E+37  1.029099E-12  8.576624E+00
 3.0560000E+02  9.910000E+37  1.028889E-12  8.576624E+00
 3.0565000E+02  9.910000E+37  1.031650E-12  8.576624E+00
 3.0570000E+02  9.910000E+37  1.034586E-12  8.576624E+00
 3.0575000E+02  9.910000E+37  1.035797E-12  8.576624E+00
 3.0580000E+02  9.910000E+37  1.037869E-12  8.576624E+00
 3.0585000E+02  9.910000E+37  1.043065E-12  8.576624E+00
 3.0590000E+02  9.910000E+37  1.043348E-12  8.576624E+00
 3.0595000E+02  9.910000E+37  1.049171E-12  8.576624E+00
 3.0600000E+02  9.910000E+37  1.052656E-12  8.576624E+00
 3.0605000E+02  9.910000E+37  1.055880E-12  8.576624E+00
 3.0610000E+02  9.910000E+37  1.057679E-12  8.576624E+00
 3.0615000E+02  9.910000E+37  1.070286E-12  8.576624E+00
 3.0620000E+02  9.910000E+37  1.059944E-12  8.576624E+00
 3.0625000E+02  9.910000E+37  1.066359E-12  8.576624E+00
 3.0630000E+02  9.910000E+37  1.073215E-12  8.576624E+00
 3.0635000E+02  9.910000E+37  1.075043E-12  8.576624E+00
 3.0640000E+02  9.910000E+37  1.072753E-12  8.576624E+00
 3.0645000E+02  9.910000E+37  1.081354E-12  8.576624E+00
 3.0650000E+02  9.910000E+37  1.087352E-12  8.576624E+00
 3.0655000E+02  9.910000E+37  1.086467E-12  8.576624E+00
 3.0660000E+02  9.910000E+37  1.086538E-12  8.576624E+00
 3.0665000E+02  9.910000E+37  1.099329E-12  8.576624E+00
 3.0670000E+02  9.910000E+37  1.097170E-12  8.576624E+00
 3.0675000E+02  9.910000E+37  1.098737E-12  8.576624E+00
 3.0680000E+02  9.910000E+37  1.105840E-12  8.576624E+00
 3.0685000E+02  9.910000E+37  1.110952E-12  8.576624E+00
 3.0690000E+02  9.910000E+37  1.110349E-12  8.576624E+00
 3.0695000E+02  9.910000E+37  1.113079E-12  8.576624E+00
 3.0700000E+02  9.910000E+37  1.115774E-12  8.576624E+00
 3.0705000E+02  9.910000E+37  1.122915E-12  8.576624E+00
 3.0710000E+02  9.910000E+37  1.120743E-12  8.576624E+00
 3.0715000E+02  9.910000E+37  1.120835E-12  8.576624E+00
 3.0720000E+02  9.910000E+37  1.124106E-12  8.576624E+00
 3.0725000E+02  9.910000E+37  1.130486E-12  8.576624E+00
 3.0730000E+02  9.910000E+37  1.132101E-12  8.576624E+00
 3.0735000E+02  9.910000E+37  1.129733E-12  8.576624E+00
 3.0740000E+02  9.910000E+37  1.132609E-12  8.576624E+00
 3.0745000E+02  9.910000E+37  1.131572E-12  8.576624E+00
 3.0750000E+02  9.910000E+37  1.132613E-12  8.576624E+00
 3.0755000E+02  9.910000E+37  1.136516E-12  8.576624E+00
 3.0760000E+02  9.910000E+37  1.134085E-12  8.576624E+00
 3.0765000E+02  9.910000E+37  1.135796E-12  8.576624E+00
 3.0770000E+02  9.910000E+37  1.136284E-12  8.576624E+00
 3.0775000E+02  9.910000E+37  1.137585E-12  8.576624E+00
 3.0780000E+02  9.910000E+37  1.133978E-12  8.576624E+00
 3.0785000E+02  9.910000E+37  1.134346E-12  8.576624E+00
 3.0790000E+02  9.910000E+37  1.137344E-12  8.576624E+00
 3.0795000E+02  9.910000E+37  1.133838E-12  8.576624E+00
 3.0800000E+02  9.910000E+37  1.135469E-12  8.576624E+00
 3.0805000E+02  9.910000E+37  1.130430E-12  8.576624E+00
 3.0810000E+02  9.910000E+37  1.130048E-12  8.576624E+00
 3.0815000E+02  9.910000E+37  1.133570E-12  8.576624E+00
 3.0820000E+02  9.910000E+37  1.123071E-12  8.576624E+00
 3.0825000E+02  9.910000E+37  1.124153E-12  8.576624E+00
 3.0830000E+02  9.910000E+37  1.124135E-12  8.576624E+00
 3.0835000E+02  9.910000E+37  1.122540E-12  8.576624E+00
 3.0840000E+02  9.910000E+37  1.115635E-12  8.576624E+00
 3.0845000E+02  9.910000E+37  1.118093E-12  8.576624E+00
 3.0850000E+02  9.910000E+37  1.119267E-12  8.576624E+00
 3.0855000E+02  9.910000E+37  1.116237E-12  8.576624E+00
 3.0860000E+02  9.910000E+37  1.112998E-12  8.576624E+00
 3.0865000E+02  9.910000E+37  1.109115E-12  8.576624E+00
 3.0870000E+02  9.910000E+37  1.107618E-12  8.576624E+00
 3.0875000E+02  9.910000E+37  1.100598E-12  8.576624E+00
 3.0880000E+02  9.910000E+37  1.100844E-12  8.576624E+00
 3.0885000E+02  9.910000E+37  1.094401E-12  8.576624E+00
 3.0890000E+02  9.910000E+37  1.100071E-12  8.576624E+00
 3.0895000E+02  9.910000E+37  1.091829E-12  8.576624E+00
 3.0900000E+02  9.910000E+37  1.090411E-12  8.576624E+00
 3.0905000E+02  9.910000E+37  1.083592E-12  8.576624E+00
 3.0910000E+02  9.910000E+37  1.084784E-12  8.576624E+00
 3.0915000E+02  9.910000E+37  1.082017E-12  8.576624E+00
 3.0920000E+02  9.910000E+37  1.079484E-12  8.576624E+00
 3.0925000E+02  9.910000E+37  1.077329E-12  8.576624E+00
 3.0930000E+02  9.910000E+37  1.065069E-12  8.576624E+00
 3.0935000E+02  9.910000E+37  1.066692E-12  8.576624E+00
 3.0940000E+02  9.910000E+37  1.059834E-12  8.576624E+00
 3.0945000E+02  9.910000E+37  1.054992E-12  8.576624E+00
 3.0950000E+02  9.910000E+37  1.053368E-12  8.576624E+00
 3.0955000E+02  9.910000E+37  1.051751E-12  8.576624E+00
 3.0960000E+02  9.910000E+37  1.046932E-12  8.576624E+00
 3.0965000E+02  9.910000E+37  1.042968E-12  8.576624E+00
 3.0970000E+02  9.910000E+37  1.043588E-12  8.576624E+00
 3.0975000E+02  9.910000E+37  1.036709E-12  8.576624E+00
 3.0980000E+02  9.910000E+37  1.032792E-12  8.576624E+00
 3.0985000E+02  9.910000E+37  1.029035E-12  8.576624E+00
 3.0990000E+02  9.910000E+37  1.025958E-12  8.576624E+00
 3.0995000E+02  9.910000E+37  1.026831E-12  8.576624E+00
 3.1000000E+02  9.910000E+37  1.019259E-12  8.576624E+00
 3.1005000E+02  9.910000E+37  1.017619E-12  8.576624E+00
 3.1010000E+02  9.910000E+37  1.015473E-12  8.576624E+00
 3.1015000E+02  9.910000E+37  1.010040E-12  8.576624E+00
 3.1020000E+02  9.910000E+37  1.006711E-12  8.576624E+00
 3.1025000E+02  9.910000E+37  1.005382E-12  8.576624E+00
 3.1030000E+02  9.910000E+37  1.000577E-12  8.576624E+00
 3.1035000E+02  9.910000E+37  1.000299E-12  8.576624E+00
 3.1040000E+02  9.910000E+37  9.917917E-13  8.576624E+00
 3.1045000E+02  9.910000E+37  9.889017E-13  8.576624E+00
 3.1050000E+02  9.910000E+37  9.869513E-13  8.576624E+00
 3.1055000E+02  9.910000E+37  9.864405E-13  8.576624E+00
 3.1060000E+02  9.910000E+37  9.789339E-13  8.576624E+00
 3.1065000E+02  9.910000E+37  9.753818E-13  8.576624E+00
 3.1070000E+02  9.910000E+37  9.780299E-13  8.576624E+00
 3.1075000E+02  9.910000E+37  9.688204E-13  8.576624E+00
 3.1080000E+02  9.910000E+37  9.640014E-13  8.576624E+00
 3.1085000E+02  9.910000E+37  9.660132E-13  8.576624E+00
 3.1090000E+02  9.910000E+37  9.560103E-13  8.576624E+00
 3.1095000E+02  9.910000E+37  9.523170E-13  8.576624E+00
 3.1100000E+02  9.910000E+37  9.472515E-13  8.576624E+00
 3.1105000E+02  9.910000E+37  9.458863E-13  8.576624E+00
 3.1110000E+02  9.910000E+37  9.448318E-13  8.576624E+00
 3.1115000E+02  9.910000E+37  9.332624E-13  8.576624E+00
 3.1120000E+02  9.910000E+37  9.340251E-13  8.576624E+00
 3.1125000E+02  9.910000E+37  9.322910E-13  8.576624E+00
 3.1130000E+02  9.910000E+37  9.274957E-13  8.576624E+00
 3.1135000E+02  9.910000E+37  9.212368E-13  8.576624E+00
 3.1140000E+02  9.910000E+37  9.171340E-13  8.576624E+00
 3.1145000E+02  9.910000E+37  9.199748E-13  8.576624E+00
 3.1150000E+02  9.910000E+37  9.086548E-13  8.576624E+00
 3.1155000E+02  9.910000E+37  9.018756E-13  8.576624E+00
 3.1160000E+02  9.910000E+37  9.048332E-13  8.576624E+00
 3.1165000E+02  9.910000E+37  8.960925E-13  8.576624E+00
 3.1170000E+02  9.910000E+37  8.941199E-13  8.576624E+00
 3.1175000E+02  9.910000E+37  8.896047E-13  8.576624E+00
 3.1180000E+02  9.910000E+37  8.875210E-13  8.576624E+00
 3.1185000E+02  9.910000E+37  8.867721E-13  8.576624E+00
 3.1190000E+02  9.910000E+37  8.790435E-13  8.576624E+00
 3.1195000E+02  9.910000E+37  8.762892E-13  8.576624E+00
 3.1200000E+02  9.910000E+37  8.802604E-13  8.576624E+00
 3.1205000E+02  9.910000E+37  8.766954E-13  8.576624E+00
 3.1210000E+02  9.910000E+37  8.753106E-13  8.576624E+00
 3.1215000E+02  9.910000E+37  8.692949E-13  8.576624E+00
 3.1220000E+02  9.910000E+37  8.590862E-13  8.576624E+00
 3.1225000E+02  9.910000E+37  8.613893E-13  8.576624E+00
 3.1230000E+02  9.910000E+37  8.661626E-13  8.576624E+00
 3.1235000E+02  9.910000E+37  8.599718E-13  8.576624E+00
 3.1240000E+02  9.910000E+37  8.543357E-13  8.576624E+00
 3.1245000E+02  9.910000E+37  8.525669E-13  8.576624E+00
 3.1250000E+02  9.910000E+37  8.520034E-13  8.576624E+00
 3.1255000E+02  9.910000E+37  8.498143E-13  8.576624E+00
 3.1260000E+02  9.910000E+37  8.448166E-13  8.576624E+00
 3.1265000E+02  9.910000E+37  8.462788E-13  8.576624E+00
 3.1270000E+02  9.910000E+37  8.439683E-13  8.576624E+00
 3.1275000E+02  9.910000E+37  8.461358E-13  8.576624E+00
 3.1280000E+02  9.910000E+37  8.461044E-13  8.576624E+00
 3.1285000E+02  9.910000E+37  8.445726E-13  8.576624E+00
 3.1290000E+02  9.910000E+37  8.384580E-13  8.576624E+00
 3.1295000E+02  9.910000E+37  8.448314E-13  8.576624E+00
 3.1300000E+02  9.910000E+37  8.481628E-13  8.576624E+00
 3.1305000E+02  9.910000E+37  8.380912E-13  8.576624E+00
 3.1310000E+02  9.910000E+37  8.405177E-13  8.576624E+00
 3.1315000E+02  9.910000E+37  8.424557E-13  8.576624E+00
 3.1320000E+02  9.910000E+37  8.410871E-13  8.576624E+00
 3.1325000E+02  9.910000E+37  8.414356E-13  8.576624E+00
 3.1330000E+02  9.910000E+37  8.371238E-13  8.576624E+00
 3.1335000E+02  9.910000E+37  8.386425E-13  8.576624E+00
 3.1340000E+02  9.910000E+37  8.406558E-13  8.576624E+00
 3.1345000E+02  9.910000E+37  8.382717E-13  8.576624E+00
 3.1350000E+02  9.910000E+37  8.400767E-13  8.576624E+00
 3.1355000E+02  9.910000E+37  8.429511E-13  8.576624E+00
 3.1360000E+02  9.910000E+37  8.431787E-13  8.576624E+00
 3.1365000E+02  9.910000E+37  8.444693E-13  8.576624E+00
 3.1370000E+02  9.910000E+37  8.468641E-13  8.576624E+00
 3.1375000E+02  9.910000E+37  8.481948E-13  8.576624E+00
 3.1380000E+02  9.910000E+37  8.509489E-13  8.576624E+00
 3.1385000E+02  9.910000E+37  8.494525E-13  8.576624E+00
 3.1390000E+02  9.910000E+37  8.552444E-13  8.576624E+00
 3.1395000E+02  9.910000E+37  8.494829E-13  8.576624E+00
 3.1400000E+02  9.910000E+37  8.571741E-13  8.576624E+00
 3.1405000E+02  9.910000E+37  8.598568E-13  8.576624E+00
 3.1410000E+02  9.910000E+37  8.538634E-13  8.576624E+00
 3.1415000E+02  9.910000E+37  8.576370E-13  8.576624E+00
 3.1420000E+02  9.910000E+37  8.565552E-13  8.576624E+00
 3.1425000E+02  9.910000E+37  8.642029E-13  8.576624E+00
 3.1430000E+02  9.910000E+37  8.620647E-13  8.576624E+00
 3.1435000E+02  9.910000E+37  8.655853E-13  8.576624E+00
 3.1440000E+02  9.910000E+37  8.627769E-13  8.576624E+00
 3.1445000E+02  9.910000E+37  8.678704E-13  8.576624E+00
 3.1450000E+02  9.910000E+37  8.654128E-13  8.576624E+00
 3.1455000E+02  9.910000E+37  8.684843E-13  8.576624E+00
 3.1460000E+02  9.910000E+37  8.638318E-13  8.576624E+00
 3.1465000E+02  9.910000E+37  8.750099E-13  8.576624E+00
 3.1470000E+02  9.910000E+37  8.735142E-13  8.576624E+00
 3.1475000E+02  9.910000E+37  8.815581E-13  8.576624E+00
 3.1480000E+02  9.910000E+37  8.741140E-13  8.576624E+00
 3.1485000E+02  9.910000E+37  8.777731E-13  8.576624E+00
 3.1490000E+02  9.910000E+37  8.802711E-13  8.576624E+00
 3.1495000E+02  9.910000E+37  8.787611E-13  8.576624E+00
 3.1500000E+02  9.910000E+37  8.780629E-13  8.576624E+00
 3.1505000E+02  9.910000E+37  8.815300E-13  8.576624E+00
 3.1510000E+02  9.910000E+37  8.823783E-13  8.576624E+00
 3.1515000E+02  9.910000E+37  8.889093E-13  8.576624E+00
 3.1520000E+02  9.910000E+37  8.922956E-13  8.576624E+00
 3.1525000E+02  9.910000E+37  8.881894E-13  8.576624E+00
 3.1530000E+02  9.910000E+37  8.840273E-13  8.576624E+00
 3.1535000E+02  9.910000E+37  8.846156E-13  8.576624E+00
 3.1540000E+02  9.910000E+37  8.851886E-13  8.576624E+00
 3.1545000E+02  9.910000E+37  8.904246E-13  8.576624E+00
 3.1550000E+02  9.910000E+37  8.909215E-13  8.576624E+00
 3.1555000E+02  9.910000E+37  8.980282E-13  8.576624E+00
 3.1560000E+02  9.910000E+37  8.892628E-13  8.576624E+00
 3.1565000E+02  9.910000E+37  8.964615E-13  8.576624E+00
 3.1570000E+02  9.910000E+37  8.953234E-13  8.576624E+00
 3.1575000E+02  9.910000E+37  8.917835E-13  8.576624E+00
 3.1580000E+02  9.910000E+37  9.016777E-13  8.576624E+00
 3.1585000E+02  9.910000E+37  8.924050E-13  8.576624E+00
 3.1590000E+02  9.910000E+37  8.949180E-13  8.576624E+00
 3.1595000E+02  9.910000E+37  8.956330E-13  8.576624E+00
 3.1600000E+02  9.910000E+37  8.943089E-13  8.576624E+00
 3.1605000E+02  9.910000E+37  9.013161E-13  8.576624E+00
 3.1610000E+02  9.910000E+37  8.957156E-13  8.576624E+00
 3.1615000E+02  9.910000E+37  8.941120E-13  8.576624E+00
 3.1620000E+02  9.910000E+37  8.959302E-13  8.576624E+00
 3.1625000E+02  9.910000E+37  8.866399E-13  8.576624E+00
 3.1630000E+02  9.910000E+37  8.899452E-13  8.576624E+00
 3.1635000E+02  9.910000E+37  8.907707E-13  8.576624E+00
 3.1640000E+02  9.910000E+37  8.942567E-13  8.576624E+00
 3.1645000E+02  9.910000E+37  8.909611E-13  8.576624E+00
 3.1650000E+02  9.910000E+37  8.911770E-13  8.576624E+00
 3.1655000E+02  9.910000E+37  8.866435E-13  8.576624E+00
 3.1660000E+02  9.910000E+37  8.865801E-13  8.576624E+00
 3.1665000E+02  9.910000E+37  8.966375E-13  8.576624E+00
 3.1670000E+02  9.910000E+37  8.896251E-13  8.576624E+00
 3.1675000E+02  9.910000E+37  8.930974E-13  8.576624E+00
 3.1680000E+02  9.910000E+37  8.842058E-13  8.576624E+00
 3.1685000E+02  9.910000E+37  8.899408E-13  8.576624E+00
 3.1690000E+02  9.910000E+37  8.875692E-13  8.576624E+00
 3.1695000E+02  9.910000E+37  8.767497E-13  8.576624E+00
 3.1700000E+02  9.910000E+37  8.795150E-13  8.576624E+00
 3.1705000E+02  9.910000E+37  8.769576E-13  8.576624E+00
 3.1710000E+02  9.910000E+37  8.723433E-13  8.576624E+00
 3.1715000E+02  9.910000E+37  8.793648E-13  8.576624E+00
 3.1720000E+02  9.910000E+37  8.715104E-13  8.576624E+00
 3.1725000E+02  9.910000E+37  8.754461E-13  8.576624E+00
 3.1730000E+02  9.910000E+37  8.702729E-13  8.576624E+00
 3.1735000E+02  9.910000E+37  8.687376E-13  8.576624E+00
 3.1740000E+02  9.910000E+37  8.660306E-13  8.576624E+00
 3.1745000E+02  9.910000E+37  8.666515E-13  8.576624E+00
 3.1750000E+02  9.910000E+37  8.671779E-13  8.576624E+00
 3.1755000E+02  9.910000E+37  8.602913E-13  8.576624E+00
 3.1760000E+02  9.910000E+37  8.624017E-13  8.576624E+00
 3.1765000E+02  9.910000E+37  8.555196E-13  8.576624E+00
 3.1770000E+02  9.910000E+37  8.594977E-13  8.576624E+00
 3.1775000E+02  9.910000E+37  8.533480E-13  8.576624E+00
 3.1780000E+02  9.910000E+37  8.556321E-13  8.576624E+00
 3.1785000E+02  9.910000E+37  8.501986E-13  8.576624E+00
 3.1790000E+02  9.910000E+37  8.518144E-13  8.576624E+00
 3.1795000E+02  9.910000E+37  8.473452E-13  8.576624E+00
 3.1800000E+02  9.910000E+37  8.500933E-13  8.576624E+00
 3.1805000E+02  9.910000E+37  8.445818E-13  8.576624E+00
 3.1810000E+02  9.910000E+37  8.430983E-13  8.576624E+00
 3.1815000E+02  9.910000E+37  8.394695E-14  8.576624E+00
 3.1820000E+02  9.910000E+37 -3.861011E-14  8.576624E+00
 3.1825000E+02  9.910000E+37 -1.149952E-14  8.576624E+00
 3.1830000E+02  9.910000E+37 -1.644257E-14  8.576624E+00
 3.1835000E+02  9.910000E+37 -1.265863E-14  8.576624E+00
 3.1840000E+02  9.910000E+37 -1.070965E-14  8.576624E+00
 3.1845000E+02  9.910000E+37 -1.178652E-14  8.576624E+00
 3.1850000E+02  9.910000E+37 -1.655164E-14  8.576624E+00
 3.1855000E+02  9.910000E+37 -1.471722E-14  8.576624E+00
 3.1860000E+02  9.910000E+37 -1.311154E-14  8.576624E+00
 3.1865000E+02  9.910000E+37 -9.780528E-15  8.576624E+00
 3.1870000E+02  9.910000E+37 -1.248636E-14  8.576624E+00
 3.1875000E+02  9.910000E+37 -2.209305E-14  8.576624E+00
 3.1880000E+02  9.910000E+37 -1.578067E-14  8.576624E+00
 3.1885000E+02  9.910000E+37 -1.541230E-14  8.576624E+00
 3.1890000E+02  9.910000E+37 -1.209929E-14  8.576624E+00
 3.1895000E+02  9.910000E+37 -1.384192E-14  8.576624E+00
 3.1900000E+02  9.910000E+37 -1.660954E-14  8.576624E+00
 3.1905000E+02  9.910000E+37 -1.331400E-14  8.576624E+00
 3.1910000E+02  9.910000E+37 -1.380557E-14  8.576624E+00
 3.1915000E+02  9.910000E+37 -1.498515E-14  8.576624E+00
 3.1920000E+02  9.910000E+37 -1.616827E-14  8.576624E+00
 3.1925000E+02  9.910000E+37 -1.233862E-14  8.576624E+00
 3.1930000E+02  9.910000E+37 -1.533923E-14  8.576624E+00
 3.1935000E+02  9.910000E+37 -1.458837E-14  8.576624E+00
 3.1940000E+02  9.910000E+37 -1.699803E-14  8.576624E+00
 3.1945000E+02  9.910000E+37 -1.262950E-14  8.576624E+00
 3.1950000E+02  9.910000E+37 -1.240887E-14  8.576624E+00
 3.1955000E+02  9.910000E+37 -1.370002E-14  8.576624E+00
 3.1960000E+02  9.910000E+37 -1.196425E-14  8.576624E+00
 3.1965000E+02  9.910000E+37 -1.839471E-14  8.576624E+00
 3.1970000E+02  9.910000E+37 -8.600231E-15  8.576624E+00
 3.1975000E+02  9.910000E+37 -1.618858E-14  8.576624E+00
 3.1980000E+02  9.910000E+37 -1.443640E-14  8.576624E+00
 3.1985000E+02  9.910000E+37 -1.122063E-14  8.576624E+00
 3.1990000E+02  9.910000E+37 -1.093152E-14  8.576624E+00
 3.1995000E+02  9.910000E+37 -1.344849E-14  8.576624E+00
 3.2000000E+02  9.910000E+37 -1.500298E-14  8.576624E+00

