
 2.8000000E+02  9.910000E+37  8.643330E-14  8.576624E+00
 2.8005000E+02  9.910000E+37  7.145729E-14  8.576624E+00
 2.8010000E+02  9.910000E+37  9.248656E-14  8.576624E+00
 2.8015000E+02  9.910000E+37  7.803177E-14  8.576624E+00
 2.8020000E+02  9.910000E+37  7.377446E-14  8.576624E+00
 2.8025000E+02  9.910000E+37  7.854683E-14  8.576624E+00
 2.8030000E+02  9.910000E+37  9.189226E-14  8.576624E+00
 2.8035000E+02  9.910000E+37  8.697110E-14  8.576624E+00
 2.8040000E+02  9.910000E+37  7.883559E-14  8.576624E+00
 2.8045000E+02  9.910000E+37  6.700933E-14  8.576624E+00
 2.8050000E+02  9.910000E+37  7.342424E-14  8.576624E+00
 2.8055000E+02  9.910000E+37  7.380905E-14  8.576624E+00
 2.8060000E+02  9.910000E+37  6.926436E-14  8.576624E+00
 2.8065000E+02  9.910000E+37  7.482801E-14  8.576624E+00
 2.8070000E+02  9.910000E+37  7.399331E-14  8.576624E+00
 2.8075000E+02  9.910000E+37  7.603002E-14  8.576624E+00
 2.8080000E+02  9.910000E+37  9.192383E-14  8.576624E+00
 2.8085000E+02  9.910000E+37  7.079360E-14  8.576624E+00
 2.8090000E+02  9.910000E+37  7.908164E-14  8.576624E+00
 2.8095000E+02  9.910000E+37  7.966657E-14  8.576624E+00
 2.8100000E+02  9.910000E+37  7.904755E-14  8.576624E+00
 2.8105000E+02  9.910000E+37  8.840275E-14  8.576624E+00
 2.8110000E+02  9.910000E+37  8.136136E-14  8.576624E+00
 2.8115000E+02  9.910000E+37  8.159012E-14  8.576624E+00
 2.8120000E+02  9.910000E+37  7.108168E-14  8.576624E+00
 2.8125000E+02  9.910000E+37  8.505531E-14  8.576624E+00
 2.8130000E+02  9.910000E+37  7.319570E-14  8.576624E+00
 2.8135000E+02  9.910000E+37  8.436308E-14  8.576624E+00
 2.8140000E+02  9.910000E+37  8.984214E-14  8.576624E+00
 2.8145000E+02  9.910000E+37  8.058177E-14  8.576624E+00
 2.8150000E+02  9.910000E+37  8.416287E-14  8.576624E+00
 2.8155000E+02  9.910000E+37  7.059486E-14  8.576624E+00
 2.8160000E+02  9.910000E+37  8.261616E-14  8.576624E+00
 2.8165000E+02  9.910000E+37  7.128589E-14  8.576624E+00
 2.8170000E+02  9.910000E+37  6.961914E-14  8.576624E+00
 2.8175000E+02  9.910000E+37  7.032057E-14  8.576624E+00
 2.8180000E+02  9.910000E+37  9.418031E-14  8.576624E+00
 2.8185000E+02  9.910000E+37  8.333189E-14  8.576624E+00
 2.8190000E+02  9.910000E+37  8.581588E-14  8.576624E+00
 2.8195000E+02  9.910000E+37  7.936369E-14  8.576624E+00
 2.8200000E+02  9.910000E+37  7.214989E-14  8.576624E+00
 2.8205000E+02  9.910000E+37  7.534480E-14  8.576624E+00
 2.8210000E+02  9.910000E+37  8.247972E-14  8.576624E+00
 2.8215000E+02  9.910000E+37  8.420895E-14  8.576624E+00
 2.8220000E+02  9.910000E+37  7.322411E-14  8.576624E+00
 2.8225000E+02  9.910000E+37  8.654571E-14  8.576624E+00
 2.8230000E+02  9.910000E+37  7.929977E-14  8.576624E+00
 2.8235000E+02  9.910000E+37  7.114890E-14  8.576624E+00
 2.8240000E+02  9.910000E+37  7.257069E-14  8.576624E+00
 2.8245000E+02  9.910000E+37  8.820683E-14  8.576624E+00
 2.8250000E+02  9.910000E+37  9.091090E-14  8.576624E+00
 2.8255000E+02  9.910000E+37  7.838690E-14  8.576624E+00
 2.8260000E+02  9.910000E+37  8.492997E-14  8.576624E+00
 2.8265000E+02  9.910000E+37  8.031471E-14  8.576624E+00
 2.8270000E+02  9.910000E+37  7.422594E-14  8.576624E+00
 2.8275000E+02  9.910000E+37  9.147044E-14  8.576624E+00
 2.8280000E+02  9.910000E+37  8.480324E-14  8.576624E+00
 2.8285000E+02  9.910000E+37  8.870017E-14  8.576624E+00
 2.8290000E+02  9.910000E+37  7.594527E-14  8.576624E+00
 2.8295000E+02  9.910000E+37  8.826398E-14  8.576624E+00
 2.8300000E+02  9.910000E+37  7.600955E-14  8.576624E+00
 2.8305000E+02  9.910000E+37  8.976977E-14  8.576624E+00
 2.8310000E+02  9.910000E+37  9.356659E-14  8.576624E+00
 2.8315000E+02  9.910000E+37  1.014745E-13  8.576624E+00
 2.8320000E+02  9.910000E+37  8.385703E-14  8.576624E+00
 2.8325000E+02  9.910000E+37  7.714395E-14  8.576624E+00
 2.8330000E+02  9.910000E+37  9.167780E-14  8.576624E+00
 2.8335000E+02  9.910000E+37  8.981003E-14  8.576624E+00
 2.8340000E+02  9.910000E+37  9.369017E-14  8.576624E+00
 2.8345000E+02  9.910000E+37  8.576802E-14  8.576624E+00
 2.8350000E+02  9.910000E+37  1.028545E-13  8.576624E+00
 2.8355000E+02  9.910000E+37  9.966417E-14  8.576624E+00
 2.8360000E+02  9.910000E+37  1.043379E-13  8.576624E+00
 2.8365000E+02  9.910000E+37  9.783097E-14  8.576624E+00
 2.8370000E+02  9.910000E+37  9.322136E-14  8.576624E+00
 2.8375000E+02  9.910000E+37  1.137037E-13  8.576624E+00
 2.8380000E+02  9.910000E+37  1.220265E-13  8.576624E+00
 2.8385000E+02  9.910000E+37  1.134193E-13  8.576624E+00
 2.8390000E+02  9.910000E+37  1.267929E-13  8.576624E+00
 2.8395000E+02  9.910000E+37  1.474742E-13  8.576624E+00
 2.8400000E+02  9.910000E+37  1.565227E-13  8.576624E+00
 2.8405000E+02  9.910000E+37  1.872862E-13  8.576624E+00
 2.8410000E+02  9.910000E+37  2.326456E-13  8.576624E+00
 2.8415000E+02  9.910000E+37  2.784514E-13  8.576624E+00
 2.8420000E+02  9.910000E+37  3.468311E-13  8.576624E+00
 2.8425000E+02  9.910000E+37  4.186093E-13  8.576624E+00
 2.8430000E+02  9.910000E+37  5.278380E-13  8.576624E+00
 2.8435000E+02  9.910000E+37  6.170512E-13  8.576624E+00
 2.8440000E+02  9.910000E+37  7.518039E-13  8.576624E+00
 2.8445000E+02  9.910000E+37  9.030017E-13  8.576624E+00
 2.8450000E+02  9.910000E+37  1.062389E-12  8.576624E+00
 2.8455000E+02  9.910000E+37  1.226420E-12  8.576624E+00
 2.8460000E+02  9.910000E+37  1.386931E-12  8.576624E+00
 2.8465000E+02  9.910000E+37  1.554515E-12  8.576624E+00
 2.8470000E+02  9.910000E+37  1.742372E-12  8.576624E+00
 2.8475000E+02  9.910000E+37  1.890177E-12  8.576624E+00
 2.8480000E+02  9.910000E+37  2.033344E-12  8.576624E+00
 2.8485000E+02  9.910000E+37  2.182051E-12  8.576624E+00
 2.8490000E+02  9.910000E+37  2.300137E-12  8.576624E+00
 2.8495000E+02  9.910000E+37  2.373592E-12  8.576624E+00
 2.8500000E+02  9.910000E+37  2.435759E-12  8.576624E+00
 2.8505000E+02  9.910000E+37  2.472613E-12  8.576624E+00
 2.8510000E+02  9.910000E+37  2.491279E-12  8.576624E+00
 2.8515000E+02  9.910000E+37  2.490143E-12  8.576624E+00
 2.8520000E+02  9.910000E+37  2.477977E-12  8.576624E+00
 2.8525000E+02  9.910000E+37  2.444928E-12  8.576624E+00
 2.8530000E+02  9.910000E+37  2.401300E-12  8.576624E+00
 2.8535000E+02  9.910000E+37  2.359896E-12  8.576624E+00
 2.8540000E+02  9.910000E+37  2.263205E-12  8.576624E+00
 2.8545000E+02  9.910000E+37  2.143614E-12  8.576624E+00
 2.8550000E+02  9.910000E+37  1.984434E-12  8.576624E+00
 2.8555000E+02  9.910000E+37  1.818252E-12  8.576624E+00
 2.8560000E+02  9.910000E+37  1.661599E-12  8.576624E+00
 2.8565000E+02  9.910000E+37  1.502027E-12  8.576624E+00
 2.8570000E+02  9.910000E+37  1.366667E-12  8.576624E+00
 2.8575000E+02  9.910000E+37  1.237271E-12  8.576624E+00
 2.8580000E+02  9.910000E+37  1.164111E-12  8.576624E+00
 2.8585000E+02  9.910000E+37  1.111412E-12  8.576624E+00
 2.8590000E+02  9.910000E+37  1.075415E-12  8.576624E+00
 2.8595000E+02  9.910000E+37  1.040273E-12  8.576624E+00
 2.8600000E+02  9.910000E+37  1.042367E-12  8.576624E+00
 2.8605000E+02  9.910000E+37  1.022265E-12  8.576624E+00
 2.8610000E+02  9.910000E+37  1.016096E-12  8.576624E+00
 2.8615000E+02  9.910000E+37  1.002421E-12  8.576624E+00
 2.8620000E+02  9.910000E+37  1.000240E-12  8.576624E+00
 2.8625000E+02  9.910000E+37  9.812116E-13  8.576624E+00
 2.8630000E+02  9.910000E+37  9.595053E-13  8.576624E+00
 2.8635000E+02  9.910000E+37  9.510542E-13  8.576624E+00
 2.8640000E+02  9.910000E+37  9.399560E-13  8.576624E+00
 2.8645000E+02  9.910000E+37  9.297318E-13  8.576624E+00
 2.8650000E+02  9.910000E+37  9.389537E-13  8.576624E+00
 2.8655000E+02  9.910000E+37  9.327638E-13  8.576624E+00
 2.8660000E+02  9.910000E+37  9.358921E-13  8.576624E+00
 2.8665000E+02  9.910000E+37  9.247986E-13  8.576624E+00
 2.8670000E+02  9.910000E+37  9.350467E-13  8.576624E+00
 2.8675000E+02  9.910000E+37  9.364204E-13  8.576624E+00
 2.8680000E+02  9.910000E+37  9.462959E-13  8.576624E+00
 2.8685000E+02  9.910000E+37  9.502949E-13  8.576624E+00
 2.8690000E+02  9.910000E+37  9.310663E-13  8.576624E+00
 2.8695000E+02  9.910000E+37  9.427911E-13  8.576624E+00
 2.8700000E+02  9.910000E+37  9.317105E-13  8.576624E+00
 2.8705000E+02  9.910000E+37  9.264639E-13  8.576624E+00
 2.8710000E+02  9.910000E+37  9.361192E-13  8.576624E+00
 2.8715000E+02  9.910000E+37  9.295709E-13  8.576624E+00
 2.8720000E+02  9.910000E+37  9.482556E-13  8.576624E+00
 2.8725000E+02  9.910000E+37  9.247910E-13  8.576624E+00
 2.8730000E+02  9.910000E+37  9.311068E-13  8.576624E+00
 2.8735000E+02  9.910000E+37  9.265785E-13  8.576624E+00
 2.8740000E+02  9.910000E+37  9.359466E-13  8.576624E+00
 2.8745000E+02  9.910000E+37  9.376572E-13  8.576624E+00
 2.8750000E+02  9.910000E+37  9.261237E-13  8.576624E+00
 2.8755000E+02  9.910000E+37  9.265088E-13  8.576624E+00
 2.8760000E+02  9.910000E+37  9.249319E-13  8.576624E+00
 2.8765000E+02  9.910000E+37  9.255410E-13  8.576624E+00
 2.8770000E+02  9.910000E+37  9.170370E-13  8.576624E+00
 2.8775000E+02  9.910000E+37  9.383795E-13  8.576624E+00
 2.8780000E+02  9.910000E+37  9.078765E-13  8.576624E+00
 2.8785000E+02  9.910000E+37  9.119264E-13  8.576624E+00
 2.8790000E+02  9.910000E+37  9.161792E-13  8.576624E+00
 2.8795000E+02  9.910000E+37  9.395694E-13  8.576624E+00
 2.8800000E+02  9.910000E+37  9.191350E-13  8.576624E+00
 2.8805000E+02  9.910000E+37  9.205211E-13  8.576624E+00
 2.8810000E+02  9.910000E+37  9.362693E-13  8.576624E+00
 2.8815000E+02  9.910000E+37  9.233673E-13  8.576624E+00
 2.8820000E+02  9.910000E+37  9.310550E-13  8.576624E+00
 2.8825000E+02  9.910000E+37  9.298748E-13  8.576624E+00
 2.8830000E+02  9.910000E+37  9.238836E-13  8.576624E+00
 2.8835000E+02  9.910000E+37  9.363531E-13  8.576624E+00
 2.8840000E+02  9.910000E+37  9.258406E-13  8.576624E+00
 2.8845000E+02  9.910000E+37  9.150075E-13  8.576624E+00
 2.8850000E+02  9.910000E+37  9.229349E-13  8.576624E+00
 2.8855000E+02  9.910000E+37  9.312436E-13  8.576624E+00
 2.8860000E+02  9.910000E+37  9.244054E-13  8.576624E+00
 2.8865000E+02  9.910000E+37  9.158955E-13  8.576624E+00
 2.8870000E+02  9.910000E+37  9.224538E-13  8.576624E+00
 2.8875000E+02  9.910000E+37  9.133263E-13  8.576624E+00
 2.8880000E+02  9.910000E+37  9.191069E-13  8.576624E+00
 2.8885000E+02  9.910000E+37  9.128672E-13  8.576624E+00
 2.8890000E+02  9.910000E+37  9.184305E-13  8.576624E+00
 2.8895000E+02  9.910000E+37  9.075846E-13  8.576624E+00
 2.8900000E+02  9.910000E+37  9.222173E-13  8.576624E+00
 2.8905000E+02  9.910000E+37  9.093478E-13  8.576624E+00
 2.8910000E+02  9.910000E+37  9.152110E-13  8.576624E+00
 2.8915000E+02  9.910000E+37  9.175363E-13  8.576624E+00
 2.8920000E+02  9.910000E+37  9.071890E-13  8.576624E+00
 2.8925000E+02  9.910000E+37  9.179915E-13  8.576624E+00
 2.8930000E+02  9.910000E+37  8.968494E-13  8.576624E+00
 2.8935000E+02  9.910000E+37  9.066717E-13  8.576624E+00
 2.8940000E+02  9.910000E+37  9.034532E-13  8.576624E+00
 2.8945000E+02  9.910000E+37  9.071774E-13  8.576624E+00
 2.8950000E+02  9.910000E+37  9.006635E-13  8.576624E+00
 2.8955000E+02  9.910000E+37  9.087169E-13  8.576624E+00
 2.8960000E+02  9.910000E+37  9.050426E-13  8.576624E+00
 2.8965000E+02  9.910000E+37  9.118885E-13  8.576624E+00
 2.8970000E+02  9.910000E+37  9.129438E-13  8.576624E+00
 2.8975000E+02  9.910000E+37  9.044972E-13  8.576624E+00
 2.8980000E+02  9.910000E+37  9.008258E-13  8.576624E+00
 2.8985000E+02  9.910000E+37  9.185285E-13  8.576624E+00
 2.8990000E+02  9.910000E+37  8.879991E-13  8.576624E+00
 2.8995000E+02  9.910000E+37  8.934113E-13  8.576624E+00
 2.9000000E+02  9.910000E+37  8.927160E-13  8.576624E+00
 2.9005000E+02  9.910000E+37  8.728255E-13  8.576624E+00
 2.9010000E+02  9.910000E+37  8.782108E-13  8.576624E+00
 2.9015000E+02  9.910000E+37  8.978831E-13  8.576624E+00
 2.9020000E+02  9.910000E+37  8.785043E-13  8.576624E+00
 2.9025000E+02  9.910000E+37  8.831445E-13  8.576624E+00
 2.9030000E+02  9.910000E+37  9.099264E-13  8.576624E+00
 2.9035000E+02  9.910000E+37  9.107937E-13  8.576624E+00
 2.9040000E+02  9.910000E+37  9.232847E-13  8.576624E+00
 2.9045000E+02  9.910000E+37  9.360958E-13  8.576624E+00
 2.9050000E+02  9.910000E+37  9.400970E-13  8.576624E+00
 2.9055000E+02  9.910000E+37  9.607478E-13  8.576624E+00
 2.9060000E+02  9.910000E+37  9.672686E-13  8.576624E+00
 2.9065000E+02  9.910000E+37  9.861423E-13  8.576624E+00
 2.9070000E+02  9.910000E+37  9.997806E-13  8.576624E+00
 2.9075000E+02  9.910000E+37  1.026059E-12  8.576624E+00
 2.9080000E+02  9.910000E+37  1.036780E-12  8.576624E+00
 2.9085000E+02  9.910000E+37  1.068943E-12  8.576624E+00
 2.9090000E+02  9.910000E+37  1.107829E-12  8.576624E+00
 2.9095000E+02  9.910000E+37  1.147660E-12  8.576624E+00
 2.9100000E+02  9.910000E+37  1.208075E-12  8.576624E+00
 2.9105000E+02  9.910000E+37  1.282750E-12  8.576624E+00
 2.9110000E+02  9.910000E+37  1.404649E-12  8.576624E+00
 2.9115000E+02  9.910000E+37  1.523013E-12  8.576624E+00
 2.9120000E+02  9.910000E+37  1.664427E-12  8.576624E+00
 2.9125000E+02  9.910000E+37  1.788708E-12  8.576624E+00
 2.9130000E+02  9.910000E+37  1.896835E-12  8.576624E+00
 2.9135000E+02  9.910000E+37  1.963714E-12  8.576624E+00
 2.9140000E+02  9.910000E+37  2.002393E-12  8.576624E+00
 2.9145000E+02  9.910000E+37  2.017299E-12  8.576624E+00
 2.9150000E+02  9.910000E+37  2.008772E-12  8.576624E+00
 2.9155000E+02  9.910000E+37  1.957759E-12  8.576624E+00
 2.9160000E+02  9.910000E+37  1.897662E-12  8.576624E+00
 2.9165000E+02  9.910000E+37  1.815273E-12  8.576624E+00
 2.9170000E+02  9.910000E+37  1.739705E-12  8.576624E+00
 2.9175000E+02  9.910000E+37  1.687533E-12  8.576624E+00
 2.9180000E+02  9.910000E+37  1.663110E-12  8.576624E+00
 2.9185000E+02  9.910000E+37  1.665704E-12  8.576624E+00
 2.9190000E+02  9.910000E+37  1.680725E-12  8.576624E+00
 2.9195000E+02  9.910000E+37  1.681774E-12  8.576624E+00
 2.9200000E+02  9.910000E+37  1.707479E-12  8.576624E+00
 2.9205000E+02  9.910000E+37  1.723599E-12  8.576624E+00
 2.9210000E+02  9.910000E+37  1.731845E-12  8.576624E+00
 2.9215000E+02  9.910000E+37  1.744273E-12  8.576624E+00
 2.9220000E+02  9.910000E+37  1.758315E-12  8.576624E+00
 2.9225000E+02  9.910000E+37  1.758214E-12  8.576624E+00
 2.9230000E+02  9.910000E+37  1.759124E-12  8.576624E+00
 2.9235000E+02  9.910000E+37  1.777277E-12  8.576624E+00
 2.9240000E+02  9.910000E+37  1.768072E-12  8.576624E+00
 2.9245000E+02  9.910000E+37  1.780033E-12  8.576624E+00
 2.9250000E+02  9.910000E+37  1.779143E-12  8.576624E+00
 2.9255000E+02  9.910000E+37  1.765744E-12  8.576624E+00
 2.9260000E+02  9.910000E+37  1.770303E-12  8.576624E+00
 2.9265000E+02  9.910000E+37  1.762555E-12  8.576624E+00
 2.9270000E+02  9.910000E+37  1.764541E-12  8.576624E+00
 2.9275000E+02  9.910000E+37  1.747021E-12  8.576624E+00
 2.9280000E+02  9.910000E+37  1.763100E-12  8.576624E+00
 2.9285000E+02  9.910000E+37  1.738420E-12  8.576624E+00
 2.9290000E+02  9.910000E+37  1.724089E-12  8.576624E+00
 2.9295000E+02  9.910000E+37  1.713355E-12  8.576624E+00
 2.9300000E+02  9.910000E+37  1.706333E-12  8.576624E+00
 2.9305000E+02  9.910000E+37  1.679404E-12  8.576624E+00
 2.9310000E+02  9.910000E+37  1.667762E-12  8.576624E+00
 2.9315000E+02  9.910000E+37  1.665925E-12  8.576624E+00
 2.9320000E+02  9.910000E+37  1.661402E-12  8.576624E+00
 2.9325000E+02  9.910000E+37  1.647833E-12  8.576624E+00
 2.9330000E+02  9.910000E+37  1.644310E-12  8.576624E+00
 2.9335000E+02  9.910000E+37  1.630025E-12  8.576624E+00
 2.9340000E+02  9.910000E+37  1.612998E-12  8.576624E+00
 2.9345000E+02  9.910000E+37  1.614880E-12  8.576624E+00
 2.9350000E+02  9.910000E+37  1.609510E-12  8.576624E+00
 2.9355000E+02  9.910000E+37  1.587562E-12  8.576624E+00
 2.9360000E+02  9.910000E+37  1.577402E-12  8.576624E+00
 2.9365000E+02  9.910000E+37  1.582106E-12  8.576624E+00
 2.9370000E+02  9.910000E+37  1.577434E-12  8.576624E+00
 2.9375000E+02  9.910000E+37  1.570578E-12  8.576624E+00
 2.9380000E+02  9.910000E+37  1.558688E-12  8.576624E+00
 2.9385000E+02  9.910000E+37  1.557626E-12  8.576624E+00
 2.9390000E+02  9.910000E+37  1.556548E-12  8.576624E+00
 2.9395000E+02  9.910000E+37  1.559019E-12  8.576624E+00
 2.9400000E+02  9.910000E+37  1.542946E-12  8.576624E+00
 2.9405000E+02  9.910000E+37  1.550144E-12  8.576624E+00
 2.9410000E+02  9.910000E+37  1.554592E-12  8.576624E+00
 2.9415000E+02  9.910000E+37  1.542128E-12  8.576624E+00
 2.9420000E+02  9.910000E+37  1.547495E-12  8.576624E+00
 2.9425000E+02  9.910000E+37  1.541995E-12  8.576624E+00
 2.9430000E+02  9.910000E+37  1.547764E-12  8.576624E+00
 2.9435000E+02  9.910000E+37  1.542434E-12  8.576624E+00
 2.9440000E+02  9.910000E+37  1.549153E-12  8.576624E+00
 2.9445000E+02  9.910000E+37  1.537947E-12  8.576624E+00
 2.9450000E+02  9.910000E+37  1.539776E-12  8.576624E+00
 2.9455000E+02  9.910000E+37  1.544623E-12  8.576624E+00
 2.9460000E+02  9.910000E+37  1.546472E-12  8.576624E+00
 2.9465000E+02  9.910000E+37  1.541834E-12  8.576624E+00
 2.9470000E+02  9.910000E+37  1.533023E-12  8.576624E+00
 2.9475000E+02  9.910000E+37  1.555217E-12  8.576624E+00
 2.9480000E+02  9.910000E+37  1.525029E-12  8.576624E+00
 2.9485000E+02  9.910000E+37  1.527391E-12  8.576624E+00
 2.9490000E+02  9.910000E+37  1.520180E-12  8.576624E+00
 2.9495000E+02  9.910000E+37  1.524421E-12  8.576624E+00
 2.9500000E+02  9.910000E+37  1.513257E-12  8.576624E+00
 2.9505000E+02  9.910000E+37  1.512982E-12  8.576624E+00
 2.9510000E+02  9.910000E+37  1.523286E-12  8.576624E+00
 2.9515000E+02  9.910000E+37  1.521514E-12  8.576624E+00
 2.9520000E+02  9.910000E+37  1.499377E-12  8.576624E+00
 2.9525000E+02  9.910000E+37  1.505750E-12  8.576624E+00
 2.9530000E+02  9.910000E+37  1.498720E-12  8.576624E+00
 2.9535000E+02  9.910000E+37  1.498654E-12  8.576624E+00
 2.9540000E+02  9.910000E+37  1.486511E-12  8.576624E+00
 2.9545000E+02  9.910000E+37  1.494314E-12  8.576624E+00
 2.9550000E+02  9.910000E+37  1.485260E-12  8.576624E+00
 2.9555000E+02  9.910000E+37  1.477920E-12  8.576624E+00
 2.9560000E+02  9.910000E+37  1.478473E-12  8.576624E+00
 2.9565000E+02  9.910000E+37  1.470637E-12  8.576624E+00
 2.9570000E+02  9.910000E+37  1.462338E-12  8.576624E+00
 2.9575000E+02  9.910000E+37  1.488133E-12  8.576624E+00
 2.9580000E+02  9.910000E+37  1.480392E-12  8.576624E+00
 2.9585000E+02  9.910000E+37  1.470729E-12  8.576624E+00
 2.9590000E+02  9.910000E+37  1.469811E-12  8.576624E+00
 2.9595000E+02  9.910000E+37  1.475011E-12  8.576624E+00
 2.9600000E+02  9.910000E+37  1.462483E-12  8.576624E+00
 2.9605000E+02  9.910000E+37  1.458020E-12  8.576624E+00
 2.9610000E+02  9.910000E+37  1.456501E-12  8.576624E+00
 2.9615000E+02  9.910000E+37  1.469884E-12  8.576624E+00
 2.9620000E+02  9.910000E+37  1.474174E-12  8.576624E+00
 2.9625000E+02  9.910000E+37  1.449440E-12  8.576624E+00
 2.9630000E+02  9.910000E+37  1.451090E-12  8.576624E+00
 2.9635000E+02  9.910000E+37  1.448089E-12  8.576624E+00
 2.9640000E+02  9.910000E+37  1.457888E-12  8.576624E+00
 2.9645000E+02  9.910000E+37  1.448884E-12  8.576624E+00
 2.9650000E+02  9.910000E+37  1.431377E-12  8.576624E+00
 2.9655000E+02  9.910000E+37  1.438342E-12  8.576624E+00
 2.9660000E+02  9.910000E+37  1.439706E-12  8.576624E+00
 2.9665000E+02  9.910000E+37  1.425212E-12  8.576624E+00
 2.9670000E+02  9.910000E+37  1.412525E-12  8.576624E+00
 2.9675000E+02  9.910000E+37  1.410594E-12  8.576624E+00
 2.9680000E+02  9.910000E+37  1.416245E-12  8.576624E+00
 2.9685000E+02  9.910000E+37  1.393240E-12  8.576624E+00
 2.9690000E+02  9.910000E+37  1.399279E-12  8.576624E+00
 2.9695000E+02  9.910000E+37  1.398421E-12  8.576624E+00
 2.9700000E+02  9.910000E+37  1.387643E-12  8.576624E+00
 2.9705000E+02  9.910000E+37  1.394293E-12  8.576624E+00
 2.9710000E+02  9.910000E+37  1.384967E-12  8.576624E+00
 2.9715000E+02  9.910000E+37  1.391175E-12  8.576624E+00
 2.9720000E+02  9.910000E+37  1.368218E-12  8.576624E+00
 2.9725000E+02  9.910000E+37  1.375496E-12  8.576624E+00
 2.9730000E+02  9.910000E+37  1.369904E-12  8.576624E+00
 2.9735000E+02  9.910000E+37  1.364672E-12  8.576624E+00
 2.9740000E+02  9.910000E+37  1.368112E-12  8.576624E+00
 2.9745000E+02  9.910000E+37  1.354638E-12  8.576624E+00
 2.9750000E+02  9.910000E+37  1.370607E-12  8.576624E+00
 2.9755000E+02  9.910000E+37  1.360104E-12  8.576624E+00
 2.9760000E+02  9.910000E+37  1.353957E-12  8.576624E+00
 2.9765000E+02  9.910000E+37  1.351013E-12  8.576624E+00
 2.9770000E+02  9.910000E+37  1.359752E-12  8.576624E+00
 2.9775000E+02  9.910000E+37  1.343615E-12  8.576624E+00
 2.9780000E+02  9.910000E+37  1.361412E-12  8.576624E+00
 2.9785000E+02  9.910000E+37  1.344840E-12  8.576624E+00
 2.9790000E+02  9.910000E+37  1.335037E-12  8.576624E+00
 2.9795000E+02  9.910000E+37  1.342639E-12  8.576624E+00
 2.9800000E+02  9.910000E+37  1.328374E-12  8.576624E+00
 2.9805000E+02  9.910000E+37  1.336147E-12  8.576624E+00
 2.9810000E+02  9.910000E+37  1.340129E-12  8.576624E+00
 2.9815000E+02  9.910000E+37  1.335872E-12  8.576624E+00
 2.9820000E+02  9.910000E+37  1.322410E-12  8.576624E+00
 2.9825000E+02  9.910000E+37  1.324674E-12  8.576624E+00
 2.9830000E+02  9.910000E+37  1.326906E-12  8.576624E+00
 2.9835000E+02  9.910000E+37  1.314394E-12  8.576624E+00
 2.9840000E+02  9.910000E+37  1.323128E-12  8.576624E+00
 2.9845000E+02  9.910000E+37  1.307764E-12  8.576624E+00
 2.9850000E+02  9.910000E+37  1.311772E-12  8.576624E+00
 2.9855000E+02  9.910000E+37  1.318338E-12  8.576624E+00
 2.9860000E+02  9.910000E+37  1.308069E-12  8.576624E+00
 2.9865000E+02  9.910000E+37  1.298118E-12  8.576624E+00
 2.9870000E+02  9.910000E+37  1.301905E-12  8.576624E+00
 2.9875000E+02  9.910000E+37  1.301667E-12  8.576624E+00
 2.9880000E+02  9.910000E+37  1.294739E-12  8.576624E+00
 2.9885000E+02  9.910000E+37  1.289748E-12  8.576624E+00
 2.9890000E+02  9.910000E+37  1.287883E-12  8.576624E+00
 2.9895000E+02  9.910000E+37  1.283270E-12  8.576624E+00
 2.9900000E+02  9.910000E+37  1.282109E-12  8.576624E+00
 2.9905000E+02  9.910000E+37  1.275765E-12  8.576624E+00
 2.9910000E+02  9.910000E+37  1.279996E-12  8.576624E+00
 2.9915000E+02  9.910000E+37  1.275951E-12  8.576624E+00
 2.9920000E+02  9.910000E+37  1.289897E-12  8.576624E+00
 2.9925000E+02  9.910000E+37  1.280088E-12  8.576624E+00
 2.9930000E+02  9.910000E+37  1.265165E-12  8.576624E+00
 2.9935000E+02  9.910000E+37  1.277365E-12  8.576624E+00
 2.9940000E+02  9.910000E+37  1.288207E-12  8.576624E+00
 2.9945000E+02  9.910000E+37  1.269707E-12  8.576624E+00
 2.9950000E+02  9.910000E+37  1.278358E-12  8.576624E+00
 2.9955000E+02  9.910000E+37  1.276128E-12  8.576624E+00
 2.9960000E+02  9.910000E+37  1.270609E-12  8.576624E+00
 2.9965000E+02  9.910000E+37  1.271194E-12  8.576624E+00
 2.9970000E+02  9.910000E+37  1.281699E-12  8.576624E+00
 2.9975000E+02  9.910000E+37  1.263749E-12  8.576624E+00
 2.9980000E+02  9.910000E+37  1.290499E-12  8.576624E+00
 2.9985000E+02  9.910000E+37  1.273178E-12  8.576624E+00
 2.9990000E+02  9.910000E+37  1.293950E-12  8.576624E+00
 2.9995000E+02  9.910000E+37  1.275494E-12  8.576624E+00
 3.0000000E+02  9.910000E+37  1.270706E-12  8.576624E+00
 3.0005000E+02  9.910000E+37  1.285516E-12  8.576624E+00
 3.0010000E+02  9.910000E+37  1.280333E-12  8.576624E+00
 3.0015000E+02  9.910000E+37  1.280835E-12  8.576624E+00
 3.0020000E+02  9.910000E+37  1.275637E-12  8.576624E+00
 3.0025000E+02  9.910000E+37  1.283447E-12  8.576624E+00
 3.0030000E+02  9.910000E+37  1.274988E-12  8.576624E+00
 3.0035000E+02  9.910000E+37  1.284869E-12  8.576624E+00
 3.0040000E+02  9.910000E+37  1.289305E-12  8.576624E+00
 3.0045000E+02  9.910000E+37  1.278882E-12  8.576624E+00
 3.0050000E+02  9.910000E+37  1.285623E-12  8.576624E+00
 3.0055000E+02  9.910000E+37  1.291682E-12  8.576624E+00
 3.0060000E+02  9.910000E+37  1.290185E-12  8.576624E+00
 3.0065000E+02  9.910000E+37  1.291250E-12  8.576624E+00
 3.0070000E+02  9.910000E+37  1.305285E-12  8.576624E+00
 3.0075000E+02  9.910000E+37  1.292468E-12  8.576624E+00
 3.0080000E+02  9.910000E+37  1.289500E-12  8.576624E+00
 3.0085000E+02  9.910000E+37  1.312662E-12  8.576624E+00
 3.0090000E+02  9.910000E+37  1.289920E-12  8.576624E+00
 3.0095000E+02  9.910000E+37  1.298094E-12  8.576624E+00
 3.0100000E+02  9.910000E+37  1.303382E-12  8.576624E+00
 3.0105000E+02  9.910000E+37  1.299168E-12  8.576624E+00
 3.0110000E+02  9.910000E+37  1.306005E-12  8.576624E+00
 3.0115000E+02  9.910000E+37  1.302852E-12  8.576624E+00
 3.0120000E+02  9.910000E+37  1.302698E-12  8.576624E+00
 3.0125000E+02  9.910000E+37  1.302691E-12  8.576624E+00
 3.0130000E+02  9.910000E+37  1.309251E-12  8.576624E+00
 3.0135000E+02  9.910000E+37  1.298652E-12  8.576624E+00
 3.0140000E+02  9.910000E+37  1.319541E-12  8.576624E+00
 3.0145000E+02  9.910000E+37  1.334734E-12  8.576624E+00
 3.0150000E+02  9.910000E+37  1.309747E-12  8.576624E+00
 3.0155000E+02  9.910000E+37  1.317818E-12  8.576624E+00
 3.0160000E+02  9.910000E+37  1.329843E-12  8.576624E+00
 3.0165000E+02  9.910000E+37  1.319993E-12  8.576624E+00
 3.0170000E+02  9.910000E+37  1.333412E-12  8.576624E+00
 3.0175000E+02  9.910000E+37  1.317902E-12  8.576624E+00
 3.0180000E+02  9.910000E+37  1.328846E-12  8.576624E+00
 3.0185000E+02  9.910000E+37  1.334069E-12  8.576624E+00
 3.0190000E+02  9.910000E+37  1.343882E-12  8.576624E+00
 3.0195000E+02  9.910000E+37  1.334147E-12  8.576624E+00
 3.0200000E+02  9.910000E+37  1.351481E-12  8.576624E+00
 3.0205000E+02  9.910000E+37  1.341824E-12  8.576624E+00
 3.0210000E+02  9.910000E+37  1.355719E-12  8.576624E+00
 3.0215000E+02  9.910000E+37  1.350720E-12  8.576624E+00
 3.0220000E+02  9.910000E+37  1.355273E-12  8.576624E+00
 3.0225000E+02  9.910000E+37  1.375869E-12  8.576624E+00
 3.0230000E+02  9.910000E+37  1.361618E-12  8.576624E+00
 3.0235000E+02  9.910000E+37  1.372189E-12  8.576624E+00
 3.0240000E+02  9.910000E+37  1.377908E-12  8.576624E+00
 3.0245000E+02  9.910000E+37  1.385314E-12  8.576624E+00
 3.0250000E+02  9.910000E+37  1.381543E-12  8.576624E+00
 3.0255000E+02  9.910000E+37  1.383979E-12  8.576624E+00
 3.0260000E+02  9.910000E+37  1.387546E-12  8.576624E+00
 3.0265000E+02  9.910000E+37  1.409843E-12  8.576624E+00
 3.0270000E+02  9.910000E+37  1.404060E-12  8.576624E+00
 3.0275000E+02  9.910000E+37  1.406039E-12  8.576624E+00
 3.0280000E+02  9.910000E+37  1.426922E-12  8.576624E+00
 3.0285000E+02  9.910000E+37  1.419739E-12  8.576624E+00
 3.0290000E+02  9.910000E+37  1.427494E-12  8.576624E+00
 3.0295000E+02  9.910000E+37  1.433074E-12  8.576624E+00
 3.0300000E+02  9.910000E+37  1.425695E-12  8.576624E+00
 3.0305000E+02  9.910000E+37  1.440000E-12  8.576624E+00
 3.0310000E+02  9.910000E+37  1.440898E-12  8.576624E+00
 3.0315000E+02  9.910000E+37  1.435481E-12  8.576624E+00
 3.0320000E+02  9.910000E+37  1.436023E-12  8.576624E+00
 3.0325000E+02  9.910000E+37  1.444172E-12  8.576624E+00
 3.0330000E+02  9.910000E+37  1.442412E-12  8.576624E+00
 3.0335000E+02  9.910000E+37  1.452779E-12  8.576624E+00
 3.0340000E+02  9.910000E+37  1.448653E-12  8.576624E+00
 3.0345000E+02  9.910000E+37  1.445577E-12  8.576624E+00
 3.0350000E+02  9.910000E+37  1.456029E-12  8.576624E+00
 3.0355000E+02  9.910000E+37  1.462201E-12  8.576624E+00
 3.0360000E+02  9.910000E+37  1.445778E-12  8.576624E+00
 3.0365000E+02  9.910000E+37  1.456410E-12  8.576624E+00
 3.0370000E+02  9.910000E+37  1.456570E-12  8.576624E+00
 3.0375000E+02  9.910000E+37  1.456857E-12  8.576624E+00
 3.0380000E+02  9.910000E+37  1.443169E-12  8.576624E+00
 3.0385000E+02  9.910000E+37  1.459201E-12  8.576624E+00
 3.0390000E+02  9.910000E+37  1.463494E-12  8.576624E+00
 3.0395000E+02  9.910000E+37  1.438625E-12  8.576624E+00
 3.0400000E+02  9.910000E+37  1.439075E-12  8.576624E+00
 3.0405000E+02  9.910000E+37  1.448632E-12  8.576624E+00
 3.0410000E+02  9.910000E+37  1.432578E-12  8.576624E+00
 3.0415000E+02  9.910000E+37  1.442507E-12  8.576624E+00
 3.0420000E+02  9.910000E+37  1.437226E-12  8.576624E+00
 3.0425000E+02  9.910000E+37  1.442628E-12  8.576624E+00
 3.0430000E+02  9.910000E+37  1.434001E-12  8.576624E+00
 3.0435000E+02  9.910000E+37  1.434721E-12  8.576624E+00
 3.0440000E+02  9.910000E+37  1.434736E-12  8.576624E+00
 3.0445000E+02  9.910000E+37  1.426855E-12  8.576624E+00
 3.0450000E+02  9.910000E+37  1.425555E-12  8.576624E+00
 3.0455000E+02  9.910000E+37  1.433566E-12  8.576624E+00
 3.0460000E+02  9.910000E+37  1.416409E-12  8.576624E+00
 3.0465000E+02  9.910000E+37  1.431911E-12  8.576624E+00
 3.0470000E+02  9.910000E+37  1.441169E-12  8.576624E+00
 3.0475000E+02  9.910000E+37  1.430058E-12  8.576624E+00
 3.0480000E+02  9.910000E+37  1.408496E-12  8.576624E+00
 3.0485000E+02  9.910000E+37  1.412972E-12  8.576624E+00
 3.0490000E+02  9.910000E+37  1.416463E-12  8.576624E+00
 3.0495000E+02  9.910000E+37  1.418355E-12  8.576624E+00
 3.0500000E+02  9.910000E+37  1.404324E-12  8.576624E+00
 3.0505000E+02  9.910000E+37  1.415189E-12  8.576624E+00
 3.0510000E+02  9.910000E+37  1.409257E-12  8.576624E+00
 3.0515000E+02  9.910000E+37  1.419154E-12  8.576624E+00
 3.0520000E+02  9.910000E+37  1.416486E-12  8.576624E+00
 3.0525000E+02  9.910000E+37  1.410377E-12  8.576624E+00
 3.0530000E+02  9.910000E+37  1.416230E-12  8.576624E+00
 3.0535000E+02  9.910000E+37  1.414344E-12  8.576624E+00
 3.0540000E+02  9.910000E+37  1.418928E-12  8.576624E+00
 3.0545000E+02  9.910000E+37  1.424316E-12  8.576624E+00
 3.0550000E+02  9.910000E+37  1.422700E-12  8.576624E+00
 3.0555000E+02  9.910000E+37  1.423187E-12  8.576624E+00
 3.0560000E+02  9.910000E+37  1.448287E-12  8.576624E+00
 3.0565000E+02  9.910000E+37  1.429017E-12  8.576624E+00
 3.0570000E+02  9.910000E+37  1.443043E-12  8.576624E+00
 3.0575000E+02  9.910000E+37  1.441496E-12  8.576624E+00
 3.0580000E+02  9.910000E+37  1.438447E-12  8.576624E+00
 3.0585000E+02  9.910000E+37  1.448504E-12  8.576624E+00
 3.0590000E+02  9.910000E+37  1.451954E-12  8.576624E+00
 3.0595000E+02  9.910000E+37  1.449823E-12  8.576624E+00
 3.0600000E+02  9.910000E+37  1.454487E-12  8.576624E+00
 3.0605000E+02  9.910000E+37  1.463508E-12  8.576624E+00
 3.0610000E+02  9.910000E+37  1.460665E-12  8.576624E+00
 3.0615000E+02  9.910000E+37  1.465304E-12  8.576624E+00
 3.0620000E+02  9.910000E+37  1.467185E-12  8.576624E+00
 3.0625000E+02  9.910000E+37  1.502151E-12  8.576624E+00
 3.0630000E+02  9.910000E+37  1.475686E-12  8.576624E+00
 3.0635000E+02  9.910000E+37  1.485012E-12  8.576624E+00
 3.0640000E+02  9.910000E+37  1.486463E-12  8.576624E+00
 3.0645000E+02  9.910000E+37  1.502861E-12  8.576624E+00
 3.0650000E+02  9.910000E+37  1.502481E-12  8.576624E+00
 3.0655000E+02  9.910000E+37  1.511273E-12  8.576624E+00
 3.0660000E+02  9.910000E+37  1.516024E-12  8.576624E+00
 3.0665000E+02  9.910000E+37  1.517481E-12  8.576624E+00
 3.0670000E+02  9.910000E+37  1.505404E-12  8.576624E+00
 3.0675000E+02  9.910000E+37  1.525092E-12  8.576624E+00
 3.0680000E+02  9.910000E+37  1.517125E-12  8.576624E+00
 3.0685000E+02  9.910000E+37  1.530812E-12  8.576624E+00
 3.0690000E+02  9.910000E+37  1.522394E-12  8.576624E+00
 3.0695000E+02  9.910000E+37  1.524332E-12  8.576624E+00
 3.0700000E+02  9.910000E+37  1.530423E-12  8.576624E+00
 3.0705000E+02  9.910000E+37  1.535111E-12  8.576624E+00
 3.0710000E+02  9.910000E+37  1.542185E-12  8.576624E+00
 3.0715000E+02  9.910000E+37  1.540001E-12  8.576624E+00
 3.0720000E+02  9.910000E+37  1.558616E-12  8.576624E+00
 3.0725000E+02  9.910000E+37  1.531840E-12  8.576624E+00
 3.0730000E+02  9.910000E+37  1.541799E-12  8.576624E+00
 3.0735000E+02  9.910000E+37  1.556058E-12  8.576624E+00
 3.0740000E+02  9.910000E+37  1.537447E-12  8.576624E+00
 3.0745000E+02  9.910000E+37  1.546562E-12  8.576624E+00
 3.0750000E+02  9.910000E+37  1.546440E-12  8.576624E+00
 3.0755000E+02  9.910000E+37  1.560435E-12  8.576624E+00
 3.0760000E+02  9.910000E+37  1.554480E-12  8.576624E+00
 3.0765000E+02  9.910000E+37  1.554450E-12  8.576624E+00
 3.0770000E+02  9.910000E+37  1.548574E-12  8.576624E+00
 3.0775000E+02  9.910000E+37  1.541519E-12  8.576624E+00
 3.0780000E+02  9.910000E+37  1.544380E-12  8.576624E+00
 3.0785000E+02  9.910000E+37  1.563219E-12  8.576624E+00
 3.0790000E+02  9.910000E+37  1.543976E-12  8.576624E+00
 3.0795000E+02  9.910000E+37  1.540549E-12  8.576624E+00
 3.0800000E+02  9.910000E+37  1.543870E-12  8.576624E+00
 3.0805000E+02  9.910000E+37  1.540079E-12  8.576624E+00
 3.0810000E+02  9.910000E+37  1.560823E-12  8.576624E+00
 3.0815000E+02  9.910000E+37  1.535301E-12  8.576624E+00
 3.0820000E+02  9.910000E+37  1.524904E-12  8.576624E+00
 3.0825000E+02  9.910000E+37  1.534257E-12  8.576624E+00
 3.0830000E+02  9.910000E+37  1.532868E-12  8.576624E+00
 3.0835000E+02  9.910000E+37  1.524938E-12  8.576624E+00
 3.0840000E+02  9.910000E+37  1.509533E-12  8.576624E+00
 3.0845000E+02  9.910000E+37  1.513287E-12  8.576624E+00
 3.0850000E+02  9.910000E+37  1.514515E-12  8.576624E+00
 3.0855000E+02  9.910000E+37  1.509724E-12  8.576624E+00
 3.0860000E+02  9.910000E+37  1.497830E-12  8.576624E+00
 3.0865000E+02  9.910000E+37  1.500968E-12  8.576624E+00
 3.0870000E+02  9.910000E+37  1.485605E-12  8.576624E+00
 3.0875000E+02  9.910000E+37  1.497437E-12  8.576624E+00
 3.0880000E+02  9.910000E+37  1.488988E-12  8.576624E+00
 3.0885000E+02  9.910000E+37  1.487710E-12  8.576624E+00
 3.0890000E+02  9.910000E+37  1.484543E-12  8.576624E+00
 3.0895000E+02  9.910000E+37  1.476131E-12  8.576624E+00
 3.0900000E+02  9.910000E+37  1.473419E-12  8.576624E+00
 3.0905000E+02  9.910000E+37  1.465980E-12  8.576624E+00
 3.0910000E+02  9.910000E+37  1.460045E-12  8.576624E+00
 3.0915000E+02  9.910000E+37  1.452216E-12  8.576624E+00
 3.0920000E+02  9.910000E+37  1.450028E-12  8.576624E+00
 3.0925000E+02  9.910000E+37  1.456412E-12  8.576624E+00
 3.0930000E+02  9.910000E+37  1.452561E-12  8.576624E+00
 3.0935000E+02  9.910000E+37  1.430693E-12  8.576624E+00
 3.0940000E+02  9.910000E+37  1.433850E-12  8.576624E+00
 3.0945000E+02  9.910000E+37  1.421711E-12  8.576624E+00
 3.0950000E+02  9.910000E+37  1.427213E-12  8.576624E+00
 3.0955000E+02  9.910000E+37  1.414243E-12  8.576624E+00
 3.0960000E+02  9.910000E+37  1.418696E-12  8.576624E+00
 3.0965000E+02  9.910000E+37  1.400800E-12  8.576624E+00
 3.0970000E+02  9.910000E+37  1.387894E-12  8.576624E+00
 3.0975000E+02  9.910000E+37  1.399473E-12  8.576624E+00
 3.0980000E+02  9.910000E+37  1.402472E-12  8.576624E+00
 3.0985000E+02  9.910000E+37  1.381163E-12  8.576624E+00
 3.0990000E+02  9.910000E+37  1.376886E-12  8.576624E+00
 3.0995000E+02  9.910000E+37  1.375749E-12  8.576624E+00
 3.1000000E+02  9.910000E+37  1.372872E-12  8.576624E+00
 3.1005000E+02  9.910000E+37  1.355588E-12  8.576624E+00
 3.1010000E+02  9.910000E+37  1.362648E-12  8.576624E+00
 3.1015000E+02  9.910000E+37  1.343308E-12  8.576624E+00
 3.1020000E+02  9.910000E+37  1.343773E-12  8.576624E+00
 3.1025000E+02  9.910000E+37  1.329285E-12  8.576624E+00
 3.1030000E+02  9.910000E+37  1.333209E-12  8.576624E+00
 3.1035000E+02  9.910000E+37  1.327414E-12  8.576624E+00
 3.1040000E+02  9.910000E+37  1.322293E-12  8.576624E+00
 3.1045000E+02  9.910000E+37  1.315445E-12  8.576624E+00
 3.1050000E+02  9.910000E+37  1.300195E-12  8.576624E+00
 3.1055000E+02  9.910000E+37  1.324024E-12  8.576624E+00
 3.1060000E+02  9.910000E+37  1.300478E-12  8.576624E+00
 3.1065000E+02  9.910000E+37  1.297131E-12  8.576624E+00
 3.1070000E+02  9.910000E+37  1.285478E-12  8.576624E+00
 3.1075000E+02  9.910000E+37  1.291271E-12  8.576624E+00
 3.1080000E+02  9.910000E+37  1.285221E-12  8.576624E+00
 3.1085000E+02  9.910000E+37  1.270774E-12  8.576624E+00
 3.1090000E+02  9.910000E+37  1.265031E-12  8.576624E+00
 3.1095000E+02  9.910000E+37  1.260869E-12  8.576624E+00
 3.1100000E+02  9.910000E+37  1.253286E-12  8.576624E+00
 3.1105000E+02  9.910000E+37  1.242824E-12  8.576624E+00
 3.1110000E+02  9.910000E+37  1.253103E-12  8.576624E+00
 3.1115000E+02  9.910000E+37  1.229122E-12  8.576624E+00
 3.1120000E+02  9.910000E+37  1.233912E-12  8.576624E+00
 3.1125000E+02  9.910000E+37  1.231086E-12  8.576624E+00
 3.1130000E+02  9.910000E+37  1.222087E-12  8.576624E+00
 3.1135000E+02  9.910000E+37  1.222379E-12  8.576624E+00
 3.1140000E+02  9.910000E+37  1.213275E-12  8.576624E+00
 3.1145000E+02  9.910000E+37  1.201088E-12  8.576624E+00
 3.1150000E+02  9.910000E+37  1.202063E-12  8.576624E+00
 3.1155000E+02  9.910000E+37  1.182285E-12  8.576624E+00
 3.1160000E+02  9.910000E+37  1.181744E-12  8.576624E+00
 3.1165000E+02  9.910000E+37  1.185608E-12  8.576624E+00
 3.1170000E+02  9.910000E+37  1.187114E-12  8.576624E+00
 3.1175000E+02  9.910000E+37  1.177948E-12  8.576624E+00
 3.1180000E+02  9.910000E+37  1.154687E-12  8.576624E+00
 3.1185000E+02  9.910000E+37  1.165698E-12  8.576624E+00
 3.1190000E+02  9.910000E+37  1.160906E-12  8.576624E+00
 3.1195000E+02  9.910000E+37  1.150325E-12  8.576624E+00
 3.1200000E+02  9.910000E+37  1.158254E-12  8.576624E+00
 3.1205000E+02  9.910000E+37  1.133507E-12  8.576624E+00
 3.1210000E+02  9.910000E+37  1.138140E-12  8.576624E+00
 3.1215000E+02  9.910000E+37  1.129250E-12  8.576624E+00
 3.1220000E+02  9.910000E+37  1.133680E-12  8.576624E+00
 3.1225000E+02  9.910000E+37  1.123280E-12  8.576624E+00
 3.1230000E+02  9.910000E+37  1.136868E-12  8.576624E+00
 3.1235000E+02  9.910000E+37  1.115853E-12  8.576624E+00
 3.1240000E+02  9.910000E+37  1.107819E-12  8.576624E+00
 3.1245000E+02  9.910000E+37  1.116462E-12  8.576624E+00
 3.1250000E+02  9.910000E+37  1.105478E-12  8.576624E+00
 3.1255000E+02  9.910000E+37  1.120482E-12  8.576624E+00
 3.1260000E+02  9.910000E+37  1.102278E-12  8.576624E+00
 3.1265000E+02  9.910000E+37  1.101301E-12  8.576624E+00
 3.1270000E+02  9.910000E+37  1.116076E-12  8.576624E+00
 3.1275000E+02  9.910000E+37  1.103171E-12  8.576624E+00
 3.1280000E+02  9.910000E+37  1.093247E-12  8.576624E+00
 3.1285000E+02  9.910000E+37  1.096805E-12  8.576624E+00
 3.1290000E+02  9.910000E+37  1.100007E-12  8.576624E+00
 3.1295000E+02  9.910000E+37  1.089304E-12  8.576624E+00
 3.1300000E+02  9.910000E+37  1.088528E-12  8.576624E+00
 3.1305000E+02  9.910000E+37  1.100930E-12  8.576624E+00
 3.1310000E+02  9.910000E+37  1.079123E-12  8.576624E+00
 3.1315000E+02  9.910000E+37  1.108045E-12  8.576624E+00
 3.1320000E+02  9.910000E+37  1.104960E-12  8.576624E+00
 3.1325000E+02  9.910000E+37  1.083434E-12  8.576624E+00
 3.1330000E+02  9.910000E+37  1.089362E-12  8.576624E+00
 3.1335000E+02  9.910000E+37  1.083682E-12  8.576624E+00
 3.1340000E+02  9.910000E+37  1.086331E-12  8.576624E+00
 3.1345000E+02  9.910000E+37  1.101003E-12  8.576624E+00
 3.1350000E+02  9.910000E+37  1.083673E-12  8.576624E+00
 3.1355000E+02  9.910000E+37  1.095744E-12  8.576624E+00
 3.1360000E+02  9.910000E+37  1.103181E-12  8.576624E+00
 3.1365000E+02  9.910000E+37  1.097465E-12  8.576624E+00
 3.1370000E+02  9.910000E+37  1.087642E-12  8.576624E+00
 3.1375000E+02  9.910000E+37  1.095043E-12  8.576624E+00
 3.1380000E+02  9.910000E+37  1.093803E-12  8.576624E+00
 3.1385000E+02  9.910000E+37  1.097968E-12  8.576624E+00
 3.1390000E+02  9.910000E+37  1.096434E-12  8.576624E+00
 3.1395000E+02  9.910000E+37  1.095904E-12  8.576624E+00
 3.1400000E+02  9.910000E+37  1.096758E-12  8.576624E+00
 3.1405000E+02  9.910000E+37  1.099876E-12  8.576624E+00
 3.1410000E+02  9.910000E+37  1.103098E-12  8.576624E+00
 3.1415000E+02  9.910000E+37  1.102825E-12  8.576624E+00
 3.1420000E+02  9.910000E+37  1.120392E-12  8.576624E+00
 3.1425000E+02  9.910000E+37  1.112068E-12  8.576624E+00
 3.1430000E+02  9.910000E+37  1.119069E-12  8.576624E+00
 3.1435000E+02  9.910000E+37  1.097925E-12  8.576624E+00
 3.1440000E+02  9.910000E+37  1.119853E-12  8.576624E+00
 3.1445000E+02  9.910000E+37  1.109571E-12  8.576624E+00
 3.1450000E+02  9.910000E+37  1.106682E-12  8.576624E+00
 3.1455000E+02  9.910000E+37  1.113943E-12  8.576624E+00
 3.1460000E+02  9.910000E+37  1.117433E-12  8.576624E+00
 3.1465000E+02  9.910000E+37  1.119424E-12  8.576624E+00
 3.1470000E+02  9.910000E+37  1.118006E-12  8.576624E+00
 3.1475000E+02  9.910000E+37  1.110970E-12  8.576624E+00
 3.1480000E+02  9.910000E+37  1.115372E-12  8.576624E+00
 3.1485000E+02  9.910000E+37  1.125205E-12  8.576624E+00
 3.1490000E+02  9.910000E+37  1.084775E-12  8.576624E+00
 3.1495000E+02  9.910000E+37  1.106722E-12  8.576624E+00
 3.1500000E+02  9.910000E+37  1.138435E-12  8.576624E+00
 3.1505000E+02  9.910000E+37  1.137357E-12  8.576624E+00
 3.1510000E+02  9.910000E+37  1.162502E-12  8.576624E+00
 3.1515000E+02  9.910000E+37  1.149545E-12  8.576624E+00
 3.1520000E+02  9.910000E+37  1.155135E-12  8.576624E+00
 3.1525000E+02  9.910000E+37  1.145929E-12  8.576624E+00
 3.1530000E+02  9.910000E+37  1.144071E-12  8.576624E+00
 3.1535000E+02  9.910000E+37  1.159073E-12  8.576624E+00
 3.1540000E+02  9.910000E+37  1.152344E-12  8.576624E+00
 3.1545000E+02  9.910000E+37  1.163181E-12  8.576624E+00
 3.1550000E+02  9.910000E+37  1.153693E-12  8.576624E+00
 3.1555000E+02  9.910000E+37  1.163764E-12  8.576624E+00
 3.1560000E+02  9.910000E+37  1.151738E-12  8.576624E+00
 3.1565000E+02  9.910000E+37  1.168018E-12  8.576624E+00
 3.1570000E+02  9.910000E+37  1.080488E-12  8.576624E+00
 3.1575000E+02  9.910000E+37  1.130636E-12  8.576624E+00
 3.1580000E+02  9.910000E+37  1.143057E-12  8.576624E+00
 3.1585000E+02  9.910000E+37  1.149990E-12  8.576624E+00
 3.1590000E+02  9.910000E+37  1.126512E-12  8.576624E+00
 3.1595000E+02  9.910000E+37  1.137460E-12  8.576624E+00
 3.1600000E+02  9.910000E+37  1.157169E-12  8.576624E+00
 3.1605000E+02  9.910000E+37  1.153130E-12  8.576624E+00
 3.1610000E+02  9.910000E+37  1.208882E-12  8.576624E+00
 3.1615000E+02  9.910000E+37  1.262227E-12  8.576624E+00
 3.1620000E+02  9.910000E+37  1.230068E-12  8.576624E+00
 3.1625000E+02  9.910000E+37  1.187510E-12  8.576624E+00
 3.1630000E+02  9.910000E+37  1.129161E-12  8.576624E+00
 3.1635000E+02  9.910000E+37  1.148350E-12  8.576624E+00
 3.1640000E+02  9.910000E+37  1.141754E-12  8.576624E+00
 3.1645000E+02  9.910000E+37  1.141059E-12  8.576624E+00
 3.1650000E+02  9.910000E+37  1.126056E-12  8.576624E+00
 3.1655000E+02  9.910000E+37  1.131174E-12  8.576624E+00
 3.1660000E+02  9.910000E+37  1.125157E-12  8.576624E+00
 3.1665000E+02  9.910000E+37  1.125378E-12  8.576624E+00
 3.1670000E+02  9.910000E+37  1.130116E-12  8.576624E+00
 3.1675000E+02  9.910000E+37  1.124964E-12  8.576624E+00
 3.1680000E+02  9.910000E+37  1.124377E-12  8.576624E+00
 3.1685000E+02  9.910000E+37  1.127791E-12  8.576624E+00
 3.1690000E+02  9.910000E+37  1.135278E-12  8.576624E+00
 3.1695000E+02  9.910000E+37  1.118985E-12  8.576624E+00
 3.1700000E+02  9.910000E+37  1.116804E-12  8.576624E+00
 3.1705000E+02  9.910000E+37  1.111858E-12  8.576624E+00
 3.1710000E+02  9.910000E+37  1.120840E-12  8.576624E+00
 3.1715000E+02  9.910000E+37  1.119386E-12  8.576624E+00
 3.1720000E+02  9.910000E+37  1.109036E-12  8.576624E+00
 3.1725000E+02  9.910000E+37  1.101679E-12  8.576624E+00
 3.1730000E+02  9.910000E+37  1.104575E-12  8.576624E+00
 3.1735000E+02  9.910000E+37  1.109168E-12  8.576624E+00
 3.1740000E+02  9.910000E+37  1.101675E-12  8.576624E+00
 3.1745000E+02  9.910000E+37  1.096661E-12  8.576624E+00
 3.1750000E+02  9.910000E+37  1.116956E-12  8.576624E+00
 3.1755000E+02  9.910000E+37  1.099874E-12  8.576624E+00
 3.1760000E+02  9.910000E+37  1.089985E-12  8.576624E+00
 3.1765000E+02  9.910000E+37  1.104134E-12  8.576624E+00
 3.1770000E+02  9.910000E+37  1.090945E-12  8.576624E+00
 3.1775000E+02  9.910000E+37  1.092548E-12  8.576624E+00
 3.1780000E+02  9.910000E+37  1.093316E-12  8.576624E+00
 3.1785000E+02  9.910000E+37  1.092529E-12  8.576624E+00
 3.1790000E+02  9.910000E+37  1.089421E-12  8.576624E+00
 3.1795000E+02  9.910000E+37  1.087762E-12  8.576624E+00
 3.1800000E+02  9.910000E+37  1.085387E-12  8.576624E+00
 3.1805000E+02  9.910000E+37  1.078229E-12  8.576624E+00
 3.1810000E+02  9.910000E+37  1.093717E-12  8.576624E+00
 3.1815000E+02  9.910000E+37  1.088699E-12  8.576624E+00
 3.1820000E+02  9.910000E+37  1.082092E-12  8.576624E+00
 3.1825000E+02  9.910000E+37  1.090458E-12  8.576624E+00
 3.1830000E+02  9.910000E+37  1.080491E-12  8.576624E+00
 3.1835000E+02  9.910000E+37  1.074412E-12  8.576624E+00
 3.1840000E+02  9.910000E+37  1.074259E-12  8.576624E+00
 3.1845000E+02  9.910000E+37  1.064844E-12  8.576624E+00
 3.1850000E+02  9.910000E+37  1.085877E-12  8.576624E+00
 3.1855000E+02  9.910000E+37  1.082549E-12  8.576624E+00
 3.1860000E+02  9.910000E+37  1.070799E-12  8.576624E+00
 3.1865000E+02  9.910000E+37  1.083687E-12  8.576624E+00
 3.1870000E+02  9.910000E+37  1.069156E-12  8.576624E+00
 3.1875000E+02  9.910000E+37  1.073171E-12  8.576624E+00
 3.1880000E+02  9.910000E+37  1.075149E-12  8.576624E+00
 3.1885000E+02  9.910000E+37  1.064417E-12  8.576624E+00
 3.1890000E+02  9.910000E+37  1.071233E-12  8.576624E+00
 3.1895000E+02  9.910000E+37  1.074301E-12  8.576624E+00
 3.1900000E+02  9.910000E+37  1.077246E-12  8.576624E+00
 3.1905000E+02  9.910000E+37  1.068222E-12  8.576624E+00
 3.1910000E+02  9.910000E+37  1.070242E-12  8.576624E+00
 3.1915000E+02  9.910000E+37  1.067472E-12  8.576624E+00
 3.1920000E+02  9.910000E+37  1.066777E-12  8.576624E+00
 3.1925000E+02  9.910000E+37  1.063520E-12  8.576624E+00
 3.1930000E+02  9.910000E+37  1.068037E-12  8.576624E+00
 3.1935000E+02  9.910000E+37  1.073656E-12  8.576624E+00
 3.1940000E+02  9.910000E+37  1.067351E-12  8.576624E+00
 3.1945000E+02  9.910000E+37  1.062431E-12  8.576624E+00
 3.1950000E+02  9.910000E+37  1.070113E-12  8.576624E+00
 3.1955000E+02  9.910000E+37  1.067925E-12  8.576624E+00
 3.1960000E+02  9.910000E+37  1.062080E-12  8.576624E+00
 3.1965000E+02  9.910000E+37  1.057747E-12  8.576624E+00
 3.1970000E+02  9.910000E+37  1.067583E-12  8.576624E+00
 3.1975000E+02  9.910000E+37  1.074737E-12  8.576624E+00
 3.1980000E+02  9.910000E+37  1.068121E-12  8.576624E+00
 3.1985000E+02  9.910000E+37  1.072418E-12  8.576624E+00
 3.1990000E+02  9.910000E+37  1.084791E-12  8.576624E+00
 3.1995000E+02  9.910000E+37  1.079044E-12  8.576624E+00
 3.2000000E+02  9.910000E+37  1.066117E-12  8.576624E+00
