 2.7000000E+02  9.910000E+37  1.314338E+01  8.409252E-14
 2.7050000E+02  9.910000E+37  1.313971E+01  9.086843E-14
 2.7100000E+02  9.910000E+37  1.313521E+01  9.141612E-14
 2.7150000E+02  9.910000E+37  1.313126E+01  9.406918E-14
 2.7200000E+02  9.910000E+37  1.312626E+01  9.620350E-14
 2.7250000E+02  9.910000E+37  1.312178E+01  9.702705E-14
 2.7300000E+02  9.910000E+37  1.311634E+01  9.599605E-14
 2.7350000E+02  9.910000E+37  1.311147E+01  8.348975E-14
 2.7400000E+02  9.910000E+37  1.310800E+01  8.447395E-14
 2.7450000E+02  9.910000E+37  1.310390E+01  8.964997E-14
 2.7500000E+02  9.910000E+37  1.309875E+01  9.170450E-14
 2.7550000E+02  9.910000E+37  1.309496E+01  9.850595E-14
 2.7600000E+02  9.910000E+37  1.308942E+01  8.915382E-14
 2.7650000E+02  9.910000E+37  1.308636E+01  8.947597E-14
 2.7700000E+02  9.910000E+37  1.307829E+01  8.534659E-14
 2.7750000E+02  9.910000E+37  1.307658E+01  9.406228E-14
 2.7800000E+02  9.910000E+37  1.307111E+01  8.350211E-14
 2.7850000E+02  9.910000E+37  1.306619E+01  8.678353E-14
 2.7900000E+02  9.910000E+37  1.306245E+01  9.486697E-14
 2.7950000E+02  9.910000E+37  1.305638E+01  8.572380E-14
 2.8000000E+02  9.910000E+37  1.305246E+01  9.659689E-14
 2.8050000E+02  9.910000E+37  1.304776E+01  1.008980E-13
 2.8100000E+02  9.910000E+37  1.304327E+01  8.460421E-14
 2.8150000E+02  9.910000E+37  1.303980E+01  8.884617E-14
 2.8200000E+02  9.910000E+37  1.303548E+01  8.798993E-14
 2.8250000E+02  9.910000E+37  1.302943E+01  9.001063E-14
 2.8300000E+02  9.910000E+37  1.302584E+01  9.328797E-14
 2.8350000E+02  9.910000E+37  1.302152E+01  8.605704E-14
 2.8400000E+02  9.910000E+37  1.301914E+01  9.490705E-14
 2.8450000E+02  9.910000E+37  1.301025E+01  1.434446E-13
 2.8500000E+02  9.910000E+37  1.300675E+01  1.980779E-13
 2.8550000E+02  9.910000E+37  1.300277E+01  1.559700E-13
 2.8600000E+02  9.910000E+37  1.299913E+01  1.349340E-13
 2.8650000E+02  9.910000E+37  1.299515E+01  1.498107E-13
 2.8700000E+02  9.910000E+37  1.299028E+01  2.036705E-13
 2.8750000E+02  9.910000E+37  1.298653E+01  2.351538E-13
 2.8800000E+02  9.910000E+37  1.298321E+01  2.452422E-13
 2.8850000E+02  9.910000E+37  1.297665E+01  2.672304E-13
 2.8900000E+02  9.910000E+37  1.297224E+01  2.767511E-13
 2.8950000E+02  9.910000E+37  1.296812E+01  3.152798E-13
 2.9000000E+02  9.910000E+37  1.296232E+01  3.681418E-13
 2.9050000E+02  9.910000E+37  1.295885E+01  4.859375E-13
 2.9100000E+02  9.910000E+37  1.295455E+01  1.098784E-12
 2.9150000E+02  9.910000E+37  1.294982E+01  3.013309E-12
 2.9200000E+02  9.910000E+37  1.294569E+01  2.158652E-12
 2.9250000E+02  9.910000E+37  1.294111E+01  2.338054E-12
 2.9300000E+02  9.910000E+37  1.293449E+01  2.099137E-12
 2.9350000E+02  9.910000E+37  1.293029E+01  1.807035E-12
 2.9400000E+02  9.910000E+37  1.292805E+01  1.657695E-12
 2.9450000E+02  9.910000E+37  1.292250E+01  1.674700E-12
 2.9500000E+02  9.910000E+37  1.291997E+01  1.708538E-12
 2.9550000E+02  9.910000E+37  1.291460E+01  1.760386E-12
 2.9600000E+02  9.910000E+37  1.291228E+01  1.845651E-12
 2.9650000E+02  9.910000E+37  1.290802E+01  1.923385E-12
 2.9700000E+02  9.910000E+37  1.290135E+01  1.967327E-12
 2.9750000E+02  9.910000E+37  1.289803E+01  1.987747E-12
 2.9800000E+02  9.910000E+37  1.289481E+01  1.974540E-12
 2.9850000E+02  9.910000E+37  1.288931E+01  1.952915E-12
 2.9900000E+02  9.910000E+37  1.288538E+01  1.931119E-12
 2.9950000E+02  9.910000E+37  1.288175E+01  1.942155E-12
 3.0000000E+02  9.910000E+37  1.287629E+01  1.970000E-12
 3.0050000E+02  9.910000E+37  1.287163E+01  1.995964E-12
 3.0100000E+02  9.910000E+37  1.286922E+01  2.020130E-12
 3.0150000E+02  9.910000E+37  1.286304E+01  2.022047E-12
 3.0200000E+02  9.910000E+37  1.285893E+01  2.047575E-12
 3.0250000E+02  9.910000E+37  1.285469E+01  2.076255E-12
 3.0300000E+02  9.910000E+37  1.285057E+01  2.116183E-12
 3.0350000E+02  9.910000E+37  1.284672E+01  2.116146E-12
 3.0400000E+02  9.910000E+37  1.284281E+01  2.062653E-12
 3.0450000E+02  9.910000E+37  1.283730E+01  2.012682E-12
 3.0500000E+02  9.910000E+37  1.283353E+01  1.962788E-12
 3.0550000E+02  9.910000E+37  1.283095E+01  1.952613E-12
 3.0600000E+02  9.910000E+37  1.282686E+01  1.960167E-12
 3.0650000E+02  9.910000E+37  1.282145E+01  1.988262E-12
 3.0700000E+02  9.910000E+37  1.281789E+01  1.987320E-12
 3.0750000E+02  9.910000E+37  1.281310E+01  1.956745E-12
 3.0800000E+02  9.910000E+37  1.280950E+01  1.898446E-12
 3.0850000E+02  9.910000E+37  1.280645E+01  1.829330E-12
 3.0900000E+02  9.910000E+37  1.280089E+01  1.741292E-12
 3.0950000E+02  9.910000E+37  1.279447E+01  1.643418E-12
 3.1000000E+02  9.910000E+37  1.279066E+01  1.535123E-12
 3.1050000E+02  9.910000E+37  1.278873E+01  1.440998E-12
 3.1100000E+02  9.910000E+37  1.278409E+01  1.336839E-12
 3.1150000E+02  9.910000E+37  1.277702E+01  1.237602E-12
 3.1200000E+02  9.910000E+37  1.277318E+01  1.156244E-12
 3.1250000E+02  9.910000E+37  1.277016E+01  1.072516E-12
 3.1300000E+02  9.910000E+37  1.276559E+01  1.035191E-12
 3.1350000E+02  9.910000E+37  1.276129E+01  1.002835E-12
 3.1400000E+02  9.910000E+37  1.275810E+01  9.655973E-13
 3.1450000E+02  9.910000E+37  1.275467E+01  9.484351E-13
 3.1500000E+02  9.910000E+37  1.274878E+01  9.234394E-13
 3.1550000E+02  9.910000E+37  1.274768E+01  9.138368E-13
 3.1600000E+02  9.910000E+37  1.274101E+01  9.047441E-13
 3.1650000E+02  9.910000E+37  1.273884E+01  9.079034E-13
 3.1700000E+02  9.910000E+37  1.273437E+01  9.216602E-13
 3.1750000E+02  9.910000E+37  1.273054E+01  9.243278E-13
 3.1800000E+02  9.910000E+37  1.272796E+01  9.364576E-13
 3.1850000E+02  9.910000E+37  1.272267E+01  9.534660E-13
 3.1900000E+02  9.910000E+37  1.271786E+01  9.794283E-13
 3.1950000E+02  9.910000E+37  1.271148E+01  9.953064E-13
 3.2000000E+02  9.910000E+37  1.270971E+01  1.025474E-12
 3.2050000E+02  9.910000E+37  1.270594E+01  1.049785E-12
 3.2100000E+02  9.910000E+37  1.270166E+01  1.083638E-12
 3.2150000E+02  9.910000E+37  1.269813E+01  1.102956E-12
 3.2200000E+02  9.910000E+37  1.269530E+01  1.132286E-12
 3.2250000E+02  9.910000E+37  1.268885E+01  1.166768E-12
 3.2300000E+02  9.910000E+37  1.268443E+01  1.208169E-12
 3.2350000E+02  9.910000E+37  1.268195E+01  1.244692E-12
 3.2400000E+02  9.910000E+37  1.267556E+01  1.271351E-12
 3.2450000E+02  9.910000E+37  1.267263E+01  1.312713E-12
 3.2500000E+02  9.910000E+37  1.266946E+01  1.351818E-12
 3.2550000E+02  9.910000E+37  1.266598E+01  1.377787E-12
 3.2600000E+02  9.910000E+37  1.266177E+01  1.402698E-12
 3.2650000E+02  9.910000E+37  1.265532E+01  1.407012E-12
 3.2700000E+02  9.910000E+37  1.265294E+01  1.425914E-12
 3.2750000E+02  9.910000E+37  1.264922E+01  1.440816E-12
 3.2800000E+02  9.910000E+37  1.264731E+01  1.436668E-12
 3.2850000E+02  9.910000E+37  1.264331E+01  1.442943E-12
 3.2900000E+02  9.910000E+37  1.264069E+01  1.441174E-12
 3.2950000E+02  9.910000E+37  1.263596E+01  1.449491E-12
 3.3000000E+02  9.910000E+37  1.263279E+01  1.438991E-12
 3.3050000E+02  9.910000E+37  1.262869E+01  1.435777E-12
 3.3100000E+02  9.910000E+37  1.262360E+01  1.413505E-12
 3.3150000E+02  9.910000E+37  1.262044E+01  1.404706E-12
 3.3200000E+02  9.910000E+37  1.261691E+01  1.391462E-12
 3.3250000E+02  9.910000E+37  1.261016E+01  1.363525E-12
 3.3300000E+02  9.910000E+37  1.260610E+01  1.344534E-12
 3.3350000E+02  9.910000E+37  1.260256E+01  1.326684E-12
 3.3400000E+02  9.910000E+37  1.259828E+01  1.306678E-12
 3.3450000E+02  9.910000E+37  1.259483E+01  1.289432E-12
 3.3500000E+02  9.910000E+37  1.259071E+01  1.258990E-12
 3.3550000E+02  9.910000E+37  1.258749E+01  1.243419E-12
 3.3600000E+02  9.910000E+37  1.258399E+01  1.224706E-12
 3.3650000E+02  9.910000E+37  1.258021E+01  1.208332E-12
 3.3700000E+02  9.910000E+37  1.257514E+01  1.195368E-12
 3.3750000E+02  9.910000E+37  1.257167E+01  1.177267E-12
 3.3800000E+02  9.910000E+37  1.256789E+01  1.160703E-12
 3.3850000E+02  9.910000E+37  1.256437E+01  1.158910E-12
 3.3900000E+02  9.910000E+37  1.256125E+01  1.146495E-12
 3.3950000E+02  9.910000E+37  1.255648E+01  1.145362E-12
 3.4000000E+02  9.910000E+37  1.255042E+01  1.146342E-12
 3.4050000E+02  9.910000E+37  1.254972E+01  1.156639E-12
 3.4100000E+02  9.910000E+37  1.254510E+01  1.151030E-12
 3.4150000E+02  9.910000E+37  1.254010E+01  1.158816E-12
 3.4200000E+02  9.910000E+37  1.253624E+01  1.162032E-12
 3.4250000E+02  9.910000E+37  1.253423E+01  1.173814E-12
 3.4300000E+02  9.910000E+37  1.253048E+01  1.184844E-12
 3.4350000E+02  9.910000E+37  1.252680E+01  1.194282E-12
 3.4400000E+02  9.910000E+37  1.252255E+01  1.204592E-12
 3.4450000E+02  9.910000E+37  1.251855E+01  1.224770E-12
 3.4500000E+02  9.910000E+37  1.251524E+01  1.233572E-12
 3.4550000E+02  9.910000E+37  1.251174E+01  1.237107E-12
 3.4600000E+02  9.910000E+37  1.250823E+01  1.246970E-12
 3.4650000E+02  9.910000E+37  1.250124E+01  1.257432E-12
 3.4700000E+02  9.910000E+37  1.249855E+01  1.256815E-12
 3.4750000E+02  9.910000E+37  1.249530E+01  1.277157E-12
 3.4800000E+02  9.910000E+37  1.249237E+01  1.268822E-12
 3.4850000E+02  9.910000E+37  1.248827E+01  1.269356E-12
 3.4900000E+02  9.910000E+37  1.248451E+01  1.396137E-12
 3.4950000E+02  9.910000E+37  1.248026E+01  1.291041E-12
 3.5000000E+02  9.910000E+37  1.247764E+01  1.275644E-12
 3.5050000E+02  9.910000E+37  1.247232E+01  1.275068E-12
 3.5100000E+02  9.910000E+37  1.246962E+01  1.332222E-12
 3.5150000E+02  9.910000E+37  1.246539E+01  1.291173E-12
 3.5200000E+02  9.910000E+37  1.245984E+01  1.295811E-12
 3.5250000E+02  9.910000E+37  1.245631E+01  1.450200E-12
 3.5300000E+02  9.910000E+37  1.245254E+01  1.311240E-12
 3.5350000E+02  9.910000E+37  1.244862E+01  1.310139E-12
 3.5400000E+02  9.910000E+37  1.244532E+01  1.298129E-12
 3.5450000E+02  9.910000E+37  1.244320E+01  1.292847E-12
 3.5500000E+02  9.910000E+37  1.243913E+01  1.303261E-12
 3.5550000E+02  9.910000E+37  1.243556E+01  1.306256E-12
 3.5600000E+02  9.910000E+37  1.243041E+01  1.308307E-12
 3.5650000E+02  9.910000E+37  1.242649E+01  1.324774E-12
 3.5700000E+02  9.910000E+37  1.242398E+01  1.335313E-12
 3.5750000E+02  9.910000E+37  1.241897E+01  1.338896E-12
 3.5800000E+02  9.910000E+37  1.241775E+01  1.344818E-12
 3.5850000E+02  9.910000E+37  1.241537E+01  1.360049E-12
 3.5900000E+02  9.910000E+37  1.241056E+01  1.387688E-12
 3.5950000E+02  9.910000E+37  1.240742E+01  1.393201E-12
 3.6000000E+02  9.910000E+37  1.240414E+01  1.395397E-12
 3.6050000E+02  9.910000E+37  1.239998E+01  1.419038E-12
 3.6100000E+02  9.910000E+37  1.239425E+01  1.416870E-12
 3.6150000E+02  9.910000E+37  1.239079E+01  1.432639E-12
 3.6200000E+02  9.910000E+37  1.238867E+01  1.441458E-12
 3.6250000E+02  9.910000E+37  1.238455E+01  1.448541E-12
 3.6300000E+02  9.910000E+37  1.237998E+01  1.462420E-12
 3.6350000E+02  9.910000E+37  1.237827E+01  1.471690E-12
 3.6400000E+02  9.910000E+37  1.237491E+01  1.468094E-12
 3.6450000E+02  9.910000E+37  1.236986E+01  1.481171E-12
 3.6500000E+02  9.910000E+37  1.236505E+01  1.498415E-12
 3.6550000E+02  9.910000E+37  1.236212E+01  1.510828E-12
 3.6600000E+02  9.910000E+37  1.235833E+01  1.513250E-12
 3.6650000E+02  9.910000E+37  1.235461E+01  1.517702E-12
 3.6700000E+02  9.910000E+37  1.235180E+01  1.529909E-12
 3.6750000E+02  9.910000E+37  1.234758E+01  1.528433E-12
 3.6800000E+02  9.910000E+37  1.234533E+01  1.534258E-12
 3.6850000E+02  9.910000E+37  1.234209E+01  1.543247E-12
 3.6900000E+02  9.910000E+37  1.233880E+01  1.541162E-12
 3.6950000E+02  9.910000E+37  1.233211E+01  1.548885E-12
 3.7000000E+02  9.910000E+37  1.232802E+01  1.548209E-12
 3.7050000E+02  9.910000E+37  1.232518E+01  1.551200E-12
 3.7100000E+02  9.910000E+37  1.231980E+01  1.544368E-12
 3.7150000E+02  9.910000E+37  1.231803E+01  1.541331E-12
 3.7200000E+02  9.910000E+37  1.231517E+01  1.544665E-12
 3.7250000E+02  9.910000E+37  1.231131E+01  1.549033E-12
 3.7300000E+02  9.910000E+37  1.230838E+01  1.546123E-12
 3.7350000E+02  9.910000E+37  1.230290E+01  1.538766E-12
 3.7400000E+02  9.910000E+37  1.230152E+01  1.541191E-12
 3.7450000E+02  9.910000E+37  1.229726E+01  1.537617E-12
 3.7500000E+02  9.910000E+37  1.229298E+01  1.540225E-12
 3.7550000E+02  9.910000E+37  1.228986E+01  1.539980E-12
 3.7600000E+02  9.910000E+37  1.228656E+01  1.556046E-12
 3.7650000E+02  9.910000E+37  1.228240E+01  1.557264E-12
 3.7700000E+02  9.910000E+37  1.227927E+01  1.551955E-12
 3.7750000E+02  9.910000E+37  1.227620E+01  1.561396E-12
 3.7800000E+02  9.910000E+37  1.227186E+01  1.557807E-12
 3.7850000E+02  9.910000E+37  1.227032E+01  1.558212E-12
 3.7900000E+02  9.910000E+37  1.226659E+01  1.570355E-12
 3.7950000E+02  9.910000E+37  1.226189E+01  1.573662E-12
 3.8000000E+02  9.910000E+37  1.225904E+01  1.580808E-12
 3.8050000E+02  9.910000E+37  1.225648E+01  1.584201E-12
 3.8100000E+02  9.910000E+37  1.225212E+01  1.589609E-12
 3.8150000E+02  9.910000E+37  1.224870E+01  1.603106E-12
 3.8200000E+02  9.910000E+37  1.224522E+01  1.600708E-12
 3.8250000E+02  9.910000E+37  1.224056E+01  1.599507E-12
 3.8300000E+02  9.910000E+37  1.223706E+01  1.611900E-12
 3.8350000E+02  9.910000E+37  1.223435E+01  1.618439E-12
 3.8400000E+02  9.910000E+37  1.223013E+01  1.623975E-12
 3.8450000E+02  9.910000E+37  1.222654E+01  1.635107E-12
 3.8500000E+02  9.910000E+37  1.222314E+01  1.629886E-12
 3.8550000E+02  9.910000E+37  1.221902E+01  1.636531E-12
 3.8600000E+02  9.910000E+37  1.221677E+01  1.641243E-12
 3.8650000E+02  9.910000E+37  1.221311E+01  1.639872E-12
 3.8700000E+02  9.910000E+37  1.220964E+01  1.646469E-12
 3.8750000E+02  9.910000E+37  1.220674E+01  1.644249E-12
 3.8800000E+02  9.910000E+37  1.220381E+01  1.659349E-12
 3.8850000E+02  9.910000E+37  1.219664E+01  1.651325E-12
 3.8900000E+02  9.910000E+37  1.219327E+01  1.658051E-12
 3.8950000E+02  9.910000E+37  1.219205E+01  1.654901E-12
 3.9000000E+02  9.910000E+37  1.218809E+01  1.659899E-12
 3.9050000E+02  9.910000E+37  1.218480E+01  1.649881E-12
 3.9100000E+02  9.910000E+37  1.218218E+01  1.653189E-12
 3.9150000E+02  9.910000E+37  1.218055E+01  1.650830E-12
 3.9200000E+02  9.910000E+37  1.217596E+01  1.652519E-12
 3.9250000E+02  9.910000E+37  1.217146E+01  1.646675E-12
 3.9300000E+02  9.910000E+37  1.216947E+01  1.647440E-12
 3.9350000E+02  9.910000E+37  1.216512E+01  1.635163E-12
 3.9400000E+02  9.910000E+37  1.216163E+01  1.634272E-12
 3.9450000E+02  9.910000E+37  1.215857E+01  1.636472E-12
 3.9500000E+02  9.910000E+37  1.215536E+01  1.632019E-12
 3.9550000E+02  9.910000E+37  1.215367E+01  1.630121E-12
 3.9600000E+02  9.910000E+37  1.214880E+01  1.626583E-12
 3.9650000E+02  9.910000E+37  1.214338E+01  1.622409E-12
 3.9700000E+02  9.910000E+37  1.214145E+01  1.621017E-12
 3.9750000E+02  9.910000E+37  1.213780E+01  1.614447E-12
 3.9800000E+02  9.910000E+37  1.213314E+01  1.607651E-12
 3.9850000E+02  9.910000E+37  1.212950E+01  1.608414E-12
 3.9900000E+02  9.910000E+37  1.212725E+01  1.603449E-12
 3.9950000E+02  9.910000E+37  1.212394E+01  1.611061E-12
 4.0000000E+02  9.910000E+37  1.212092E+01  1.605977E-12
 4.0050000E+02  9.910000E+37  1.211717E+01  1.558889E-12
 4.0100000E+02  9.910000E+37  1.211302E+01  1.616838E-12
 4.0150000E+02  9.910000E+37  1.211009E+01  1.642288E-12
 4.0200000E+02  9.910000E+37  1.210818E+01  1.651996E-12
 4.0250000E+02  9.910000E+37  1.210276E+01  1.658551E-12
 4.0300000E+02  9.910000E+37  1.209962E+01  1.658049E-12
 4.0350000E+02  9.910000E+37  1.209596E+01  1.662213E-12
 4.0400000E+02  9.910000E+37  1.209373E+01  1.655447E-12
 4.0450000E+02  9.910000E+37  1.209139E+01  1.652829E-12
 4.0500000E+02  9.910000E+37  1.208583E+01  1.655228E-12
 4.0550000E+02  9.910000E+37  1.208230E+01  1.656420E-12
 4.0600000E+02  9.910000E+37  1.207899E+01  1.658648E-12
 4.0650000E+02  9.910000E+37  1.207411E+01  1.662045E-12
 4.0700000E+02  9.910000E+37  1.207103E+01  1.658598E-12
 4.0750000E+02  9.910000E+37  1.206858E+01  1.662531E-12
 4.0800000E+02  9.910000E+37  1.206649E+01  1.660658E-12
 4.0850000E+02  9.910000E+37  1.206193E+01  1.661331E-12
 4.0900000E+02  9.910000E+37  1.205801E+01  1.661177E-12
 4.0950000E+02  9.910000E+37  1.205494E+01  1.660818E-12
 4.1000000E+02  9.910000E+37  1.205340E+01  1.655626E-12
 4.1050000E+02  9.910000E+37  1.204884E+01  1.663894E-12
 4.1100000E+02  9.910000E+37  1.204462E+01  1.658000E-12
 4.1150000E+02  9.910000E+37  1.204127E+01  1.662005E-12
 4.1200000E+02  9.910000E+37  1.204080E+01  1.652620E-12
 4.1250000E+02  9.910000E+37  1.203833E+01  1.651725E-12
 4.1300000E+02  9.910000E+37  1.203372E+01  1.655353E-12
 4.1350000E+02  9.910000E+37  1.203184E+01  1.658174E-12
 4.1400000E+02  9.910000E+37  1.202808E+01  1.636092E-12
 4.1450000E+02  9.910000E+37  1.202432E+01  1.651923E-12
 4.1500000E+02  9.910000E+37  1.201933E+01  1.642037E-12
 4.1550000E+02  9.910000E+37  1.201766E+01  1.634782E-12
 4.1600000E+02  9.910000E+37  1.201329E+01  1.632510E-12
 4.1650000E+02  9.910000E+37  1.201076E+01  1.626508E-12
 4.1700000E+02  9.910000E+37  1.200704E+01  1.625833E-12
 4.1750000E+02  9.910000E+37  1.200418E+01  1.618066E-12
 4.1800000E+02  9.910000E+37  1.200177E+01  1.609373E-12
 4.1850000E+02  9.910000E+37  1.199783E+01  1.609079E-12
 4.1900000E+02  9.910000E+37  1.199365E+01  1.601323E-12
 4.1950000E+02  9.910000E+37  1.199052E+01  1.592559E-12
 4.2000000E+02  9.910000E+37  1.198699E+01  1.585750E-12
 4.2050000E+02  9.910000E+37  1.198558E+01  1.582522E-12
 4.2100000E+02  9.910000E+37  1.198049E+01  1.561501E-12
 4.2150000E+02  9.910000E+37  1.197777E+01  1.563534E-12
 4.2200000E+02  9.910000E+37  1.197540E+01  1.554732E-12
 4.2250000E+02  9.910000E+37  1.197200E+01  1.545947E-12
 4.2300000E+02  9.910000E+37  1.197026E+01  1.541512E-12
 4.2350000E+02  9.910000E+37  1.196654E+01  1.533054E-12
 4.2400000E+02  9.910000E+37  1.196297E+01  1.527591E-12
 4.2450000E+02  9.910000E+37  1.195980E+01  1.519127E-12
 4.2500000E+02  9.910000E+37  1.195807E+01  1.528333E-12
 4.2550000E+02  9.910000E+37  1.195363E+01  1.527844E-12
 4.2600000E+02  9.910000E+37  1.195092E+01  1.525420E-12
 4.2650000E+02  9.910000E+37  1.194666E+01  1.517501E-12
 4.2700000E+02  9.910000E+37  1.194416E+01  1.519560E-12
 4.2750000E+02  9.910000E+37  1.193999E+01  1.516103E-12
 4.2800000E+02  9.910000E+37  1.193715E+01  1.511858E-12
 4.2850000E+02  9.910000E+37  1.193515E+01  1.511442E-12
 4.2900000E+02  9.910000E+37  1.193016E+01  1.519193E-12
 4.2950000E+02  9.910000E+37  1.192726E+01  1.512405E-12
 4.3000000E+02  9.910000E+37  1.192497E+01  1.517334E-12
 4.3050000E+02  9.910000E+37  1.192192E+01  1.515802E-12
 4.3100000E+02  9.910000E+37  1.191886E+01  1.516098E-12
 4.3150000E+02  9.910000E+37  1.191538E+01  1.518205E-12
 4.3200000E+02  9.910000E+37  1.191093E+01  1.519266E-12
 4.3250000E+02  9.910000E+37  1.190862E+01  1.528869E-12
 4.3300000E+02  9.910000E+37  1.190595E+01  1.523926E-12
 4.3350000E+02  9.910000E+37  1.190230E+01  1.518870E-12
 4.3400000E+02  9.910000E+37  1.189959E+01  1.524006E-12
 4.3450000E+02  9.910000E+37  1.189813E+01  1.534340E-12
 4.3500000E+02  9.910000E+37  1.189407E+01  1.528998E-12
 4.3550000E+02  9.910000E+37  1.189190E+01  1.532419E-12
 4.3600000E+02  9.910000E+37  1.188824E+01  1.529114E-12
 4.3650000E+02  9.910000E+37  1.188479E+01  1.535441E-12
 4.3700000E+02  9.910000E+37  1.188046E+01  1.539551E-12
 4.3750000E+02  9.910000E+37  1.187978E+01  1.537684E-12
 4.3800000E+02  9.910000E+37  1.187544E+01  1.545980E-12
 4.3850000E+02  9.910000E+37  1.187223E+01  1.545102E-12
 4.3900000E+02  9.910000E+37  1.187058E+01  1.550660E-12
 4.3950000E+02  9.910000E+37  1.186566E+01  1.551874E-12
 4.4000000E+02  9.910000E+37  1.186369E+01  1.566859E-12
 4.4050000E+02  9.910000E+37  1.185906E+01  1.559205E-12
 4.4100000E+02  9.910000E+37  1.185801E+01  1.559546E-12
 4.4150000E+02  9.910000E+37  1.185359E+01  1.563071E-12
 4.4200000E+02  9.910000E+37  1.185043E+01  1.563439E-12
 4.4250000E+02  9.910000E+37  1.184807E+01  1.566161E-12
 4.4300000E+02  9.910000E+37  1.184334E+01  1.562978E-12
 4.4350000E+02  9.910000E+37  1.184055E+01  1.560362E-12
 4.4400000E+02  9.910000E+37  1.183984E+01  1.553332E-12
 4.4450000E+02  9.910000E+37  1.183604E+01  1.560816E-12
 4.4500000E+02  9.910000E+37  1.183273E+01  1.553472E-12
 4.4550000E+02  9.910000E+37  1.182965E+01  1.556802E-12
 4.4600000E+02  9.910000E+37  1.182640E+01  1.559704E-12
 4.4650000E+02  9.910000E+37  1.182237E+01  1.555290E-12
 4.4700000E+02  9.910000E+37  1.181876E+01  1.545679E-12
 4.4750000E+02  9.910000E+37  1.181517E+01  1.547928E-12
 4.4800000E+02  9.910000E+37  1.181367E+01  1.530242E-12
 4.4850000E+02  9.910000E+37  1.181040E+01  1.531480E-12
 4.4900000E+02  9.910000E+37  1.180831E+01  1.531498E-12
 4.4950000E+02  9.910000E+37  1.180499E+01  1.512375E-12
 4.5000000E+02  9.910000E+37  1.180219E+01  1.513779E-12
 4.5050000E+02  9.910000E+37  1.179708E+01  1.495788E-12
 4.5100000E+02  9.910000E+37  1.179467E+01  1.472992E-12
 4.5150000E+02  9.910000E+37  1.179048E+01  1.450857E-12
 4.5200000E+02  9.910000E+37  1.178872E+01  1.416110E-12
 4.5250000E+02  9.910000E+37  1.178459E+01  1.351766E-12
 4.5300000E+02  9.910000E+37  1.178358E+01  1.177960E-12
 4.5350000E+02  9.910000E+37  1.177885E+01  5.077933E-13
 4.5400000E+02  9.910000E+37  1.177613E+01  1.602374E-13
 4.5450000E+02  9.910000E+37  1.177316E+01  4.853333E-14
 4.5500000E+02  9.910000E+37  1.177131E+01  3.751018E-14
 4.5550000E+02  9.910000E+37  1.176533E+01  2.387898E-14
 4.5600000E+02  9.910000E+37  1.176399E+01  1.685864E-14
 4.5650000E+02  9.910000E+37  1.176113E+01  9.094843E-15
 4.5700000E+02  9.910000E+37  1.175711E+01  1.585361E-14
 4.5750000E+02  9.910000E+37  1.175553E+01  2.588250E-14
 4.5800000E+02  9.910000E+37  1.175394E+01  2.291014E-14
 4.5850000E+02  9.910000E+37  1.174867E+01  2.503651E-14
 4.5900000E+02  9.910000E+37  1.174556E+01  3.397600E-14
 4.5950000E+02  9.910000E+37  1.174317E+01  2.163047E-14
 4.6000000E+02  9.910000E+37  1.173999E+01  1.298768E-14
 4.6050000E+02  9.910000E+37  1.173548E+01  1.180033E-14
 4.6100000E+02  9.910000E+37  1.173218E+01  1.444792E-14
 4.6150000E+02  9.910000E+37  1.173064E+01  1.193500E-14
 4.6200000E+02  9.910000E+37  1.172702E+01  1.668460E-14
 4.6250000E+02  9.910000E+37  1.172380E+01  1.492572E-14
 4.6300000E+02  9.910000E+37  1.172146E+01  1.556449E-14
 4.6350000E+02  9.910000E+37  1.171952E+01  2.023590E-14
 4.6400000E+02  9.910000E+37  1.171707E+01  2.188129E-14
 4.6450000E+02  9.910000E+37  1.171462E+01  1.200966E-14
 4.6500000E+02  9.910000E+37  1.171093E+01  2.539092E-14
 4.6550000E+02  9.910000E+37  1.170787E+01  1.843801E-14
 4.6600000E+02  9.910000E+37  1.170343E+01  2.853274E-14
 4.6650000E+02  9.910000E+37  1.170055E+01  2.654175E-14
 4.6700000E+02  9.910000E+37  1.169904E+01  3.815866E-14
 4.6750000E+02  9.910000E+37  1.169637E+01  3.540305E-14
 4.6800000E+02  9.910000E+37  1.169259E+01  3.640597E-14
 4.6850000E+02  9.910000E+37  1.168960E+01  5.760803E-14
 4.6900000E+02  9.910000E+37  1.168539E+01  4.879261E-14
 4.6950000E+02  9.910000E+37  1.168186E+01  5.566471E-14
 4.7000000E+02  9.910000E+37  1.167972E+01  5.400168E-14
 4.7050000E+02  9.910000E+37  1.167752E+01  6.642981E-14
 4.7100000E+02  9.910000E+37  1.167363E+01  7.846485E-14
 4.7150000E+02  9.910000E+37  1.167077E+01  8.492182E-14
 4.7200000E+02  9.910000E+37  1.166744E+01  7.947588E-14
 4.7250000E+02  9.910000E+37  1.166610E+01  9.071825E-14
 4.7300000E+02  9.910000E+37  1.166198E+01  9.524600E-14
 4.7350000E+02  9.910000E+37  1.165985E+01  1.049118E-13
 4.7400000E+02  9.910000E+37  1.165669E+01  1.073451E-13
 4.7450000E+02  9.910000E+37  1.165609E+01  1.148556E-13
 4.7500000E+02  9.910000E+37  1.165257E+01  1.175614E-13
 4.7550000E+02  9.910000E+37  1.164974E+01  1.302568E-13
 4.7600000E+02  9.910000E+37  1.164671E+01  1.276181E-13
 4.7650000E+02  9.910000E+37  1.164258E+01  1.417823E-13
 4.7700000E+02  9.910000E+37  1.164046E+01  1.486274E-13
 4.7750000E+02  9.910000E+37  1.163731E+01  1.491078E-13
 4.7800000E+02  9.910000E+37  1.163584E+01  1.444391E-13
 4.7850000E+02  9.910000E+37  1.163125E+01  1.475320E-13
 4.7900000E+02  9.910000E+37  1.162865E+01  1.619548E-13
 4.7950000E+02  9.910000E+37  1.162545E+01  1.648511E-13
 4.8000000E+02  9.910000E+37  1.162211E+01  1.691455E-13
 4.8050000E+02  9.910000E+37  1.161970E+01  1.620293E-13
 4.8100000E+02  9.910000E+37  1.161552E+01  1.744396E-13
 4.8150000E+02  9.910000E+37  1.161301E+01  1.626213E-13
 4.8200000E+02  9.910000E+37  1.160952E+01  1.674959E-13
 4.8250000E+02  9.910000E+37  1.160705E+01  1.707030E-13
 4.8300000E+02  9.910000E+37  1.160362E+01  1.696333E-13
 4.8350000E+02  9.910000E+37  1.160157E+01  1.714747E-13
 4.8400000E+02  9.910000E+37  1.159780E+01  1.723085E-13
 4.8450000E+02  9.910000E+37  1.159484E+01  1.758608E-13
 4.8500000E+02  9.910000E+37  1.159213E+01  1.786388E-13
 4.8550000E+02  9.910000E+37  1.159028E+01  1.727199E-13
 4.8600000E+02  9.910000E+37  1.158630E+01  1.770351E-13
 4.8650000E+02  9.910000E+37  1.158259E+01  1.777097E-13
 4.8700000E+02  9.910000E+37  1.157924E+01  1.790107E-13
 4.8750000E+02  9.910000E+37  1.157725E+01  1.788565E-13
 4.8800000E+02  9.910000E+37  1.157208E+01  1.799937E-13
 4.8850000E+02  9.910000E+37  1.157236E+01  1.803674E-13
 4.8900000E+02  9.910000E+37  1.157016E+01  1.806932E-13
 4.8950000E+02  9.910000E+37  1.156710E+01  1.782962E-13
 4.9000000E+02  9.910000E+37  1.156408E+01  1.734125E-13
 4.9050000E+02  9.910000E+37  1.156188E+01  1.864816E-13
 4.9100000E+02  9.910000E+37  1.155966E+01  1.807966E-13
 4.9150000E+02  9.910000E+37  1.155626E+01  1.774271E-13
 4.9200000E+02  9.910000E+37  1.155355E+01  1.696568E-13
 4.9250000E+02  9.910000E+37  1.154970E+01  1.728113E-13
 4.9300000E+02  9.910000E+37  1.154781E+01  1.701265E-13
 4.9350000E+02  9.910000E+37  1.154449E+01  1.670194E-13
 4.9400000E+02  9.910000E+37  1.154358E+01  1.627959E-13
 4.9450000E+02  9.910000E+37  1.153840E+01  1.576301E-13
 4.9500000E+02  9.910000E+37  1.153735E+01  1.685557E-13
 4.9550000E+02  9.910000E+37  1.153286E+01  1.592879E-13
 4.9600000E+02  9.910000E+37  1.153202E+01  1.585437E-13
 4.9650000E+02  9.910000E+37  1.152899E+01  1.550168E-13
 4.9700000E+02  9.910000E+37  1.152338E+01  1.557953E-13
 4.9750000E+02  9.910000E+37  1.152006E+01  1.503884E-13
 4.9800000E+02  9.910000E+37  1.151806E+01  1.517559E-13
 4.9850000E+02  9.910000E+37  1.151526E+01  1.503981E-13
 4.9900000E+02  9.910000E+37  1.151094E+01  1.517056E-13
 4.9950000E+02  9.910000E+37  1.150901E+01  1.532153E-13
 5.0000000E+02  9.910000E+37  1.150637E+01  1.428297E-13

