 2.7000000E+02  9.910000E+37  1.911450E+01  1.021681E-12
 2.7020000E+02  9.910000E+37  1.911139E+01  1.018659E-12
 2.7040000E+02  9.910000E+37  1.910035E+01  1.040583E-12
 2.7060000E+02  9.910000E+37  1.909517E+01  1.041270E-12
 2.7080000E+02  9.910000E+37  1.909030E+01  1.053201E-12
 2.7100000E+02  9.910000E+37  1.908416E+01  1.073994E-12
 2.7120000E+02  9.910000E+37  1.907774E+01  1.081175E-12
 2.7140000E+02  9.910000E+37  1.907373E+01  1.095619E-12
 2.7160000E+02  9.910000E+37  1.906510E+01  1.096300E-12
 2.7180000E+02  9.910000E+37  1.905852E+01  1.106852E-12
 2.7200000E+02  9.910000E+37  1.905119E+01  1.107559E-12
 2.7220000E+02  9.910000E+37  1.904633E+01  1.120138E-12
 2.7240000E+02  9.910000E+37  1.904048E+01  1.121635E-12
 2.7260000E+02  9.910000E+37  1.903796E+01  1.116480E-12
 2.7280000E+02  9.910000E+37  1.903174E+01  1.127206E-12
 2.7300000E+02  9.910000E+37  1.902516E+01  1.117527E-12
 2.7320000E+02  9.910000E+37  1.901815E+01  1.111723E-12
 2.7340000E+02  9.910000E+37  1.901260E+01  1.112190E-12
 2.7360000E+02  9.910000E+37  1.900455E+01  1.104234E-12
 2.7380000E+02  9.910000E+37  1.900007E+01  1.099869E-12
 2.7400000E+02  9.910000E+37  1.899295E+01  1.089966E-12
 2.7420000E+02  9.910000E+37  1.898926E+01  1.090456E-12
 2.7440000E+02  9.910000E+37  1.898232E+01  1.085566E-12
 2.7460000E+02  9.910000E+37  1.897430E+01  1.086211E-12
 2.7480000E+02  9.910000E+37  1.897060E+01  1.070138E-12
 2.7500000E+02  9.910000E+37  1.896571E+01  1.060688E-12
 2.7520000E+02  9.910000E+37  1.895798E+01  1.052331E-12
 2.7540000E+02  9.910000E+37  1.894990E+01  1.059875E-12
 2.7560000E+02  9.910000E+37  1.894508E+01  1.051834E-12
 2.7580000E+02  9.910000E+37  1.893868E+01  1.053699E-12
 2.7600000E+02  9.910000E+37  1.893121E+01  1.047854E-12
 2.7620000E+02  9.910000E+37  1.892769E+01  1.036868E-12
 2.7640000E+02  9.910000E+37  1.892005E+01  1.041288E-12
 2.7660000E+02  9.910000E+37  1.891304E+01  1.029709E-12
 2.7680000E+02  9.910000E+37  1.890778E+01  1.026410E-12
 2.7700000E+02  9.910000E+37  1.890165E+01  1.025687E-12
 2.7720000E+02  9.910000E+37  1.889749E+01  1.029244E-12
 2.7740000E+02  9.910000E+37  1.889396E+01  1.021398E-12
 2.7760000E+02  9.910000E+37  1.888693E+01  1.025518E-12
 2.7780000E+02  9.910000E+37  1.888182E+01  1.029998E-12
 2.7800000E+02  9.910000E+37  1.887609E+01  1.023898E-12
 2.7820000E+02  9.910000E+37  1.886592E+01  1.024772E-12
 2.7840000E+02  9.910000E+37  1.886181E+01  1.028742E-12
 2.7860000E+02  9.910000E+37  1.885635E+01  1.026167E-12
 2.7880000E+02  9.910000E+37  1.885080E+01  1.027491E-12
 2.7900000E+02  9.910000E+37  1.884573E+01  1.025393E-12
 2.7920000E+02  9.910000E+37  1.883767E+01  1.020251E-12
 2.7940000E+02  9.910000E+37  1.883088E+01  1.036100E-12
 2.7960000E+02  9.910000E+37  1.882613E+01  1.037790E-12
 2.7980000E+02  9.910000E+37  1.882084E+01  1.025238E-12
 2.8000000E+02  9.910000E+37  1.881682E+01  1.039120E-12
 2.8020000E+02  9.910000E+37  1.881044E+01  1.043034E-12
 2.8040000E+02  9.910000E+37  1.880281E+01  1.041882E-12
 2.8060000E+02  9.910000E+37  1.879466E+01  1.038286E-12
 2.8080000E+02  9.910000E+37  1.879011E+01  1.031502E-12
 2.8100000E+02  9.910000E+37  1.878566E+01  1.040332E-12
 2.8120000E+02  9.910000E+37  1.877820E+01  1.032577E-12
 2.8140000E+02  9.910000E+37  1.877407E+01  1.041947E-12
 2.8160000E+02  9.910000E+37  1.876725E+01  1.037186E-12
 2.8180000E+02  9.910000E+37  1.876317E+01  1.036000E-12
 2.8200000E+02  9.910000E+37  1.875576E+01  1.036146E-12
 2.8220000E+02  9.910000E+37  1.874925E+01  1.044612E-12
 2.8240000E+02  9.910000E+37  1.874483E+01  1.048120E-12
 2.8260000E+02  9.910000E+37  1.873979E+01  1.054218E-12
 2.8280000E+02  9.910000E+37  1.873400E+01  1.050352E-12
 2.8300000E+02  9.910000E+37  1.872613E+01  1.051218E-12
 2.8320000E+02  9.910000E+37  1.872035E+01  1.055969E-12
 2.8340000E+02  9.910000E+37  1.871257E+01  1.065654E-12
 2.8360000E+02  9.910000E+37  1.870864E+01  1.084449E-12
 2.8380000E+02  9.910000E+37  1.870363E+01  1.143439E-12
 2.8400000E+02  9.910000E+37  1.870081E+01  1.225311E-12
 2.8420000E+02  9.910000E+37  1.869308E+01  1.395602E-12
 2.8440000E+02  9.910000E+37  1.868827E+01  1.653414E-12
 2.8460000E+02  9.910000E+37  1.868440E+01  2.037895E-12
 2.8480000E+02  9.910000E+37  1.867673E+01  2.328360E-12
 2.8500000E+02  9.910000E+37  1.867147E+01  2.389188E-12
 2.8520000E+02  9.910000E+37  1.866520E+01  2.255399E-12
 2.8540000E+02  9.910000E+37  1.865676E+01  2.047566E-12
 2.8560000E+02  9.910000E+37  1.864979E+01  1.786241E-12
 2.8580000E+02  9.910000E+37  1.864363E+01  1.629667E-12
 2.8600000E+02  9.910000E+37  1.863788E+01  1.602521E-12
 2.8620000E+02  9.910000E+37  1.863138E+01  1.630533E-12
 2.8640000E+02  9.910000E+37  1.862707E+01  1.646477E-12
 2.8660000E+02  9.910000E+37  1.862182E+01  1.720780E-12
 2.8680000E+02  9.910000E+37  1.861404E+01  1.825613E-12
 2.8700000E+02  9.910000E+37  1.860990E+01  1.900588E-12
 2.8720000E+02  9.910000E+37  1.860292E+01  1.954081E-12
 2.8740000E+02  9.910000E+37  1.859972E+01  2.004094E-12
 2.8760000E+02  9.910000E+37  1.859141E+01  2.047652E-12
 2.8780000E+02  9.910000E+37  1.858599E+01  2.094283E-12
 2.8800000E+02  9.910000E+37  1.858101E+01  2.151124E-12
 2.8820000E+02  9.910000E+37  1.857455E+01  2.226751E-12
 2.8840000E+02  9.910000E+37  1.856882E+01  2.248889E-12
 2.8860000E+02  9.910000E+37  1.856314E+01  2.254145E-12
 2.8880000E+02  9.910000E+37  1.855604E+01  2.284155E-12
 2.8900000E+02  9.910000E+37  1.854976E+01  2.340349E-12
 2.8920000E+02  9.910000E+37  1.854614E+01  2.392468E-12
 2.8940000E+02  9.910000E+37  1.854238E+01  2.495422E-12
 2.8960000E+02  9.910000E+37  1.853449E+01  2.594861E-12
 2.8980000E+02  9.910000E+37  1.853023E+01  2.701842E-12
 2.9000000E+02  9.910000E+37  1.852515E+01  2.819937E-12
 2.9020000E+02  9.910000E+37  1.851946E+01  2.951235E-12
 2.9040000E+02  9.910000E+37  1.851453E+01  3.202468E-12
 2.9060000E+02  9.910000E+37  1.851041E+01  3.627768E-12
 2.9080000E+02  9.910000E+37  1.850330E+01  4.476645E-12
 2.9100000E+02  9.910000E+37  1.849597E+01  6.256779E-12
 2.9120000E+02  9.910000E+37  1.848867E+01  1.132619E-11
 2.9140000E+02  9.910000E+37  1.848628E+01  1.548273E-11
 2.9160000E+02  9.910000E+37  1.847874E+01  1.379351E-11
 2.9180000E+02  9.910000E+37  1.847272E+01  1.139440E-11
 2.9200000E+02  9.910000E+37  1.846718E+01  1.187261E-11
 2.9220000E+02  9.910000E+37  1.846424E+01  1.222333E-11
 2.9240000E+02  9.910000E+37  1.845806E+01  1.245812E-11
 2.9260000E+02  9.910000E+37  1.845211E+01  1.234202E-11
 2.9280000E+02  9.910000E+37  1.844542E+01  1.195674E-11
 2.9300000E+02  9.910000E+37  1.844195E+01  1.137489E-11
 2.9320000E+02  9.910000E+37  1.843629E+01  1.070448E-11
 2.9340000E+02  9.910000E+37  1.843158E+01  1.019152E-11
 2.9360000E+02  9.910000E+37  1.842321E+01  9.694685E-12
 2.9380000E+02  9.910000E+37  1.841923E+01  9.357104E-12
 2.9400000E+02  9.910000E+37  1.841265E+01  9.163501E-12
 2.9420000E+02  9.910000E+37  1.840595E+01  9.125085E-12
 2.9440000E+02  9.910000E+37  1.840128E+01  9.153274E-12
 2.9460000E+02  9.910000E+37  1.839494E+01  9.230947E-12
 2.9480000E+02  9.910000E+37  1.839022E+01  9.296264E-12
 2.9500000E+02  9.910000E+37  1.838474E+01  9.334276E-12
 2.9520000E+02  9.910000E+37  1.837880E+01  9.383183E-12
 2.9540000E+02  9.910000E+37  1.837303E+01  9.444855E-12
 2.9560000E+02  9.910000E+37  1.837014E+01  9.574771E-12
 2.9580000E+02  9.910000E+37  1.836313E+01  9.739672E-12
 2.9600000E+02  9.910000E+37  1.835989E+01  9.879039E-12
 2.9620000E+02  9.910000E+37  1.835364E+01  1.004762E-11
 2.9640000E+02  9.910000E+37  1.834581E+01  1.017578E-11
 2.9660000E+02  9.910000E+37  1.833887E+01  1.025044E-11
 2.9680000E+02  9.910000E+37  1.833487E+01  1.032602E-11
 2.9700000E+02  9.910000E+37  1.832760E+01  1.038110E-11
 2.9720000E+02  9.910000E+37  1.832197E+01  1.039972E-11
 2.9740000E+02  9.910000E+37  1.831600E+01  1.040497E-11
 2.9760000E+02  9.910000E+37  1.831163E+01  1.036913E-11
 2.9780000E+02  9.910000E+37  1.830399E+01  1.032653E-11
 2.9800000E+02  9.910000E+37  1.830104E+01  1.027259E-11
 2.9820000E+02  9.910000E+37  1.829696E+01  1.023199E-11
 2.9840000E+02  9.910000E+37  1.828719E+01  1.015167E-11
 2.9860000E+02  9.910000E+37  1.828293E+01  1.008935E-11
 2.9880000E+02  9.910000E+37  1.827921E+01  1.002653E-11
 2.9900000E+02  9.910000E+37  1.827199E+01  9.989496E-12
 2.9920000E+02  9.910000E+37  1.826864E+01  9.971327E-12
 2.9940000E+02  9.910000E+37  1.826157E+01  9.979280E-12
 2.9960000E+02  9.910000E+37  1.825803E+01  1.000993E-11
 2.9980000E+02  9.910000E+37  1.824851E+01  1.003719E-11
 3.0000000E+02  9.910000E+37  1.824526E+01  1.006778E-11
 3.0020000E+02  9.910000E+37  1.823866E+01  1.010089E-11
 3.0040000E+02  9.910000E+37  1.823353E+01  1.010146E-11
 3.0060000E+02  9.910000E+37  1.822923E+01  1.013027E-11
 3.0080000E+02  9.910000E+37  1.822351E+01  1.016548E-11
 3.0100000E+02  9.910000E+37  1.821905E+01  1.029921E-11
 3.0120000E+02  9.910000E+37  1.821206E+01  1.026823E-11
 3.0140000E+02  9.910000E+37  1.820744E+01  1.023772E-11
 3.0160000E+02  9.910000E+37  1.820121E+01  1.028364E-11
 3.0180000E+02  9.910000E+37  1.819478E+01  1.027145E-11
 3.0200000E+02  9.910000E+37  1.819083E+01  1.017300E-11
 3.0220000E+02  9.910000E+37  1.818226E+01  1.022823E-11
 3.0240000E+02  9.910000E+37  1.817927E+01  1.031243E-11
 3.0260000E+02  9.910000E+37  1.817287E+01  1.034742E-11
 3.0280000E+02  9.910000E+37  1.816778E+01  1.039043E-11
 3.0300000E+02  9.910000E+37  1.816284E+01  1.041808E-11
 3.0320000E+02  9.910000E+37  1.815824E+01  1.053194E-11
 3.0340000E+02  9.910000E+37  1.815372E+01  1.048102E-11
 3.0360000E+02  9.910000E+37  1.814955E+01  1.036120E-11
 3.0380000E+02  9.910000E+37  1.814416E+01  1.018464E-11
 3.0400000E+02  9.910000E+37  1.813956E+01  1.008555E-11
 3.0420000E+02  9.910000E+37  1.813324E+01  9.948467E-12
 3.0440000E+02  9.910000E+37  1.812744E+01  9.850345E-12
 3.0460000E+02  9.910000E+37  1.812227E+01  9.747903E-12
 3.0480000E+02  9.910000E+37  1.811482E+01  9.647639E-12
 3.0500000E+02  9.910000E+37  1.811030E+01  9.581182E-12
 3.0520000E+02  9.910000E+37  1.810458E+01  9.512021E-12
 3.0540000E+02  9.910000E+37  1.809985E+01  9.470418E-12
 3.0560000E+02  9.910000E+37  1.809449E+01  9.444065E-12
 3.0580000E+02  9.910000E+37  1.809001E+01  9.449991E-12
 3.0600000E+02  9.910000E+37  1.808542E+01  9.462059E-12
 3.0620000E+02  9.910000E+37  1.807767E+01  9.484850E-12
 3.0640000E+02  9.910000E+37  1.807190E+01  9.498994E-12
 3.0660000E+02  9.910000E+37  1.806691E+01  9.517659E-12
 3.0680000E+02  9.910000E+37  1.806354E+01  9.514703E-12
 3.0700000E+02  9.910000E+37  1.805714E+01  9.477412E-12
 3.0720000E+02  9.910000E+37  1.805392E+01  9.434620E-12
 3.0740000E+02  9.910000E+37  1.804940E+01  9.352729E-12
 3.0760000E+02  9.910000E+37  1.804555E+01  9.261743E-12
 3.0780000E+02  9.910000E+37  1.803839E+01  9.140126E-12
 3.0800000E+02  9.910000E+37  1.803228E+01  9.025487E-12
 3.0820000E+02  9.910000E+37  1.802792E+01  8.890248E-12
 3.0840000E+02  9.910000E+37  1.802124E+01  8.749384E-12
 3.0860000E+02  9.910000E+37  1.801621E+01  8.610914E-12
 3.0880000E+02  9.910000E+37  1.801160E+01  8.437594E-12
 3.0900000E+02  9.910000E+37  1.800719E+01  8.277821E-12
 3.0920000E+02  9.910000E+37  1.800062E+01  8.128170E-12
 3.0940000E+02  9.910000E+37  1.799618E+01  7.949078E-12
 3.0960000E+02  9.910000E+37  1.798984E+01  7.757937E-12
 3.0980000E+02  9.910000E+37  1.798464E+01  7.600197E-12
 3.1000000E+02  9.910000E+37  1.797870E+01  7.425162E-12

