
 4.4000000E+02  9.910000E+37  7.592806E+00  9.176154E-13
 4.4020000E+02  9.910000E+37  7.592872E+00  9.192827E-13
 4.4040000E+02  9.910000E+37  7.591370E+00  9.192642E-13
 4.4060000E+02  9.910000E+37  7.588784E+00  9.181501E-13
 4.4080000E+02  9.910000E+37  7.586618E+00  9.078181E-13
 4.4100000E+02  9.910000E+37  7.585999E+00  9.138367E-13
 4.4120000E+02  9.910000E+37  7.586124E+00  9.115635E-13
 4.4140000E+02  9.910000E+37  7.583738E+00  9.096868E-13
 4.4160000E+02  9.910000E+37  7.582507E+00  9.155335E-13
 4.4180000E+02  9.910000E+37  7.581191E+00  9.101957E-13
 4.4200000E+02  9.910000E+37  7.579515E+00  9.208086E-13
 4.4220000E+02  9.910000E+37  7.579360E+00  9.221923E-13
 4.4240000E+02  9.910000E+37  7.577841E+00  9.198725E-13
 4.4260000E+02  9.910000E+37  7.576055E+00  9.167476E-13
 4.4280000E+02  9.910000E+37  7.574899E+00  9.056721E-13
 4.4300000E+02  9.910000E+37  7.574298E+00  9.179982E-13
 4.4320000E+02  9.910000E+37  7.571717E+00  9.182593E-13
 4.4340000E+02  9.910000E+37  7.572079E+00  9.250101E-13
 4.4360000E+02  9.910000E+37  7.572436E+00  9.168846E-13
 4.4380000E+02  9.910000E+37  7.568971E+00  9.212612E-13
 4.4400000E+02  9.910000E+37  7.568846E+00  9.148141E-13
 4.4420000E+02  9.910000E+37  7.567876E+00  9.191724E-13
 4.4440000E+02  9.910000E+37  7.566843E+00  9.170068E-13
 4.4460000E+02  9.910000E+37  7.564856E+00  9.128432E-13
 4.4480000E+02  9.910000E+37  7.562606E+00  9.075747E-13
 4.4500000E+02  9.910000E+37  7.563775E+00  9.156287E-13
 4.4520000E+02  9.910000E+37  7.560560E+00  9.216236E-13
 4.4540000E+02  9.910000E+37  7.558475E+00  9.053107E-13
 4.4560000E+02  9.910000E+37  7.558769E+00  9.118806E-13
 4.4580000E+02  9.910000E+37  7.557126E+00  9.124878E-13
 4.4600000E+02  9.910000E+37  7.555667E+00  9.157738E-13
 4.4620000E+02  9.910000E+37  7.553271E+00  9.128790E-13
 4.4640000E+02  9.910000E+37  7.553448E+00  9.044779E-13
 4.4660000E+02  9.910000E+37  7.552008E+00  9.165943E-13
 4.4680000E+02  9.910000E+37  7.550940E+00  9.070028E-13
 4.4700000E+02  9.910000E+37  7.549489E+00  9.084243E-13
 4.4720000E+02  9.910000E+37  7.547953E+00  9.028599E-13
 4.4740000E+02  9.910000E+37  7.546653E+00  9.039465E-13
 4.4760000E+02  9.910000E+37  7.546791E+00  9.043456E-13
 4.4780000E+02  9.910000E+37  7.546516E+00  9.005623E-13
 4.4800000E+02  9.910000E+37  7.543005E+00  9.017452E-13
 4.4820000E+02  9.910000E+37  7.542691E+00  8.988481E-13
 4.4840000E+02  9.910000E+37  7.540225E+00  8.928053E-13
 4.4860000E+02  9.910000E+37  7.539585E+00  8.915129E-13
 4.4880000E+02  9.910000E+37  7.539299E+00  8.861356E-13
 4.4900000E+02  9.910000E+37  7.539037E+00  8.833019E-13
 4.4920000E+02  9.910000E+37  7.537030E+00  8.918737E-13
 4.4940000E+02  9.910000E+37  7.536329E+00  8.990758E-13
 4.4960000E+02  9.910000E+37  7.534933E+00  8.811251E-13
 4.4980000E+02  9.910000E+37  7.534631E+00  8.882517E-13
 4.5000000E+02  9.910000E+37  7.533451E+00  8.841550E-13
 4.5020000E+02  9.910000E+37  7.530471E+00  8.774156E-13
 4.5040000E+02  9.910000E+37  7.530659E+00  8.750280E-13
 4.5060000E+02  9.910000E+37  7.529635E+00  8.718012E-13
 4.5080000E+02  9.910000E+37  7.528444E+00  8.740931E-13
 4.5100000E+02  9.910000E+37  7.526289E+00  8.628596E-13
 4.5120000E+02  9.910000E+37  7.526042E+00  8.611784E-13
 4.5140000E+02  9.910000E+37  7.525559E+00  8.502117E-13
 4.5160000E+02  9.910000E+37  7.523134E+00  8.553553E-13
 4.5180000E+02  9.910000E+37  7.524474E+00  8.330120E-13
 4.5200000E+02  9.910000E+37  7.522238E+00  8.265511E-13
 4.5220000E+02  9.910000E+37  7.520555E+00  8.209471E-13
 4.5240000E+02  9.910000E+37  7.518939E+00  8.081039E-13
 4.5260000E+02  9.910000E+37  7.517962E+00  7.803575E-13
 4.5280000E+02  9.910000E+37  7.516481E+00  7.537680E-13
 4.5300000E+02  9.910000E+37  7.514917E+00  6.955490E-13
 4.5320000E+02  9.910000E+37  7.514491E+00  5.645015E-13
 4.5340000E+02  9.910000E+37  7.513603E+00  3.836054E-13
 4.5360000E+02  9.910000E+37  7.510453E+00  2.461678E-13
 4.5380000E+02  9.910000E+37  7.510379E+00  1.532028E-13
 4.5400000E+02  9.910000E+37  7.508057E+00  8.890218E-14
 4.5420000E+02  9.910000E+37  7.507806E+00  4.772758E-14
 4.5440000E+02  9.910000E+37  7.506122E+00  2.291827E-14
 4.5460000E+02  9.910000E+37  7.505176E+00  1.299315E-14
 4.5480000E+02  9.910000E+37  7.503046E+00  9.327651E-15
 4.5500000E+02  9.910000E+37  7.502593E+00  7.354669E-15
 4.5520000E+02  9.910000E+37  7.500938E+00  2.117032E-15
 4.5540000E+02  9.910000E+37  7.500357E+00  1.239091E-15
 4.5560000E+02  9.910000E+37  7.500224E+00  1.263802E-15
 4.5580000E+02  9.910000E+37  7.498443E+00 -5.340873E-15
 4.5600000E+02  9.910000E+37  7.496600E+00  1.788731E-15
 4.5620000E+02  9.910000E+37  7.496091E+00 -1.509089E-14
 4.5640000E+02  9.910000E+37  7.495688E+00 -4.567249E-15
 4.5660000E+02  9.910000E+37  7.493239E+00 -7.089519E-15
 4.5680000E+02  9.910000E+37  7.493444E+00 -1.171804E-15
 4.5700000E+02  9.910000E+37  7.492299E+00 -2.924511E-16
 4.5720000E+02  9.910000E+37  7.490499E+00  5.071917E-15
 4.5740000E+02  9.910000E+37  7.490382E+00 -2.582087E-15
 4.5760000E+02  9.910000E+37  7.487886E+00 -4.916200E-15
 4.5780000E+02  9.910000E+37  7.487643E+00 -6.822112E-15
 4.5800000E+02  9.910000E+37  7.486940E+00 -7.003910E-15
 4.5820000E+02  9.910000E+37  7.485345E+00  2.370318E-15
 4.5840000E+02  9.910000E+37  7.484404E+00  3.615038E-15
 4.5860000E+02  9.910000E+37  7.484250E+00  4.434731E-15
 4.5880000E+02  9.910000E+37  7.480855E+00  1.863569E-15
 4.5900000E+02  9.910000E+37  7.479217E+00  1.096034E-14
 4.5920000E+02  9.910000E+37  7.479247E+00  3.216310E-15
 4.5940000E+02  9.910000E+37  7.478332E+00  4.863110E-15
 4.5960000E+02  9.910000E+37  7.477304E+00  2.206697E-15
 4.5980000E+02  9.910000E+37  7.475692E+00 -6.156507E-15
 4.6000000E+02  9.910000E+37  7.473287E+00 -1.759923E-15

