 2.8000000E+02  9.910000E+37  1.536895E+01  1.136696E-13
 2.8005000E+02  9.910000E+37  1.536253E+01  1.150732E-13
 2.8010000E+02  9.910000E+37  1.536113E+01  1.146834E-13
 2.8015000E+02  9.910000E+37  1.535855E+01  1.211593E-13
 2.8020000E+02  9.910000E+37  1.535556E+01  1.144446E-13
 2.8025000E+02  9.910000E+37  1.535344E+01  1.104530E-13
 2.8030000E+02  9.910000E+37  1.534993E+01  1.180266E-13
 2.8035000E+02  9.910000E+37  1.534658E+01  1.084420E-13
 2.8040000E+02  9.910000E+37  1.534463E+01  1.155815E-13
 2.8045000E+02  9.910000E+37  1.533956E+01  1.196205E-13
 2.8050000E+02  9.910000E+37  1.533611E+01  1.138895E-13
 2.8055000E+02  9.910000E+37  1.533554E+01  1.179075E-13
 2.8060000E+02  9.910000E+37  1.532965E+01  1.113786E-13
 2.8065000E+02  9.910000E+37  1.532668E+01  1.111716E-13
 2.8070000E+02  9.910000E+37  1.532650E+01  1.121518E-13
 2.8075000E+02  9.910000E+37  1.532117E+01  1.129925E-13
 2.8080000E+02  9.910000E+37  1.531906E+01  1.129630E-13
 2.8085000E+02  9.910000E+37  1.531657E+01  1.162220E-13
 2.8090000E+02  9.910000E+37  1.531400E+01  1.196551E-13
 2.8095000E+02  9.910000E+37  1.531132E+01  1.161490E-13
 2.8100000E+02  9.910000E+37  1.530900E+01  1.137543E-13
 2.8105000E+02  9.910000E+37  1.530564E+01  1.075731E-13
 2.8110000E+02  9.910000E+37  1.530085E+01  1.084758E-13
 2.8115000E+02  9.910000E+37  1.529754E+01  1.162503E-13
 2.8120000E+02  9.910000E+37  1.529646E+01  1.146836E-13
 2.8125000E+02  9.910000E+37  1.529178E+01  1.069133E-13
 2.8130000E+02  9.910000E+37  1.529035E+01  1.102362E-13
 2.8135000E+02  9.910000E+37  1.528901E+01  1.111237E-13
 2.8140000E+02  9.910000E+37  1.528557E+01  1.133002E-13
 2.8145000E+02  9.910000E+37  1.528260E+01  1.133561E-13
 2.8150000E+02  9.910000E+37  1.527869E+01  1.118195E-13
 2.8155000E+02  9.910000E+37  1.527579E+01  1.067258E-13
 2.8160000E+02  9.910000E+37  1.527261E+01  1.153559E-13
 2.8165000E+02  9.910000E+37  1.527122E+01  1.167763E-13
 2.8170000E+02  9.910000E+37  1.526685E+01  1.108776E-13
 2.8175000E+02  9.910000E+37  1.526487E+01  1.026955E-13
 2.8180000E+02  9.910000E+37  1.526072E+01  1.103373E-13
 2.8185000E+02  9.910000E+37  1.525720E+01  1.073069E-13
 2.8190000E+02  9.910000E+37  1.525549E+01  1.141857E-13
 2.8195000E+02  9.910000E+37  1.525327E+01  1.118424E-13
 2.8200000E+02  9.910000E+37  1.525057E+01  1.089165E-13
 2.8205000E+02  9.910000E+37  1.524716E+01  1.098859E-13
 2.8210000E+02  9.910000E+37  1.524532E+01  1.104369E-13
 2.8215000E+02  9.910000E+37  1.524199E+01  1.145032E-13
 2.8220000E+02  9.910000E+37  1.523894E+01  1.154077E-13
 2.8225000E+02  9.910000E+37  1.523666E+01  1.068607E-13
 2.8230000E+02  9.910000E+37  1.523284E+01  1.104260E-13
 2.8235000E+02  9.910000E+37  1.523081E+01  1.096462E-13
 2.8240000E+02  9.910000E+37  1.522707E+01  1.107196E-13
 2.8245000E+02  9.910000E+37  1.522435E+01  1.085963E-13
 2.8250000E+02  9.910000E+37  1.522270E+01  1.077148E-13
 2.8255000E+02  9.910000E+37  1.521936E+01  1.089553E-13
 2.8260000E+02  9.910000E+37  1.521594E+01  1.099143E-13
 2.8265000E+02  9.910000E+37  1.521339E+01  1.101665E-13
 2.8270000E+02  9.910000E+37  1.521087E+01  1.164900E-13
 2.8275000E+02  9.910000E+37  1.520811E+01  1.131254E-13
 2.8280000E+02  9.910000E+37  1.520650E+01  1.091422E-13
 2.8285000E+02  9.910000E+37  1.520235E+01  1.091962E-13
 2.8290000E+02  9.910000E+37  1.520136E+01  1.101328E-13
 2.8295000E+02  9.910000E+37  1.519875E+01  1.038859E-13
 2.8300000E+02  9.910000E+37  1.519524E+01  1.073855E-13
 2.8305000E+02  9.910000E+37  1.519120E+01  1.138065E-13
 2.8310000E+02  9.910000E+37  1.518973E+01  1.072514E-13
 2.8315000E+02  9.910000E+37  1.518683E+01  1.134574E-13
 2.8320000E+02  9.910000E+37  1.518398E+01  1.111472E-13
 2.8325000E+02  9.910000E+37  1.518150E+01  1.019866E-13
 2.8330000E+02  9.910000E+37  1.517861E+01  1.072799E-13
 2.8335000E+02  9.910000E+37  1.517569E+01  1.048589E-13
 2.8340000E+02  9.910000E+37  1.517182E+01  1.041337E-13
 2.8345000E+02  9.910000E+37  1.517031E+01  1.093084E-13
 2.8350000E+02  9.910000E+37  1.516631E+01  1.074936E-13
 2.8355000E+02  9.910000E+37  1.516369E+01  1.028312E-13
 2.8360000E+02  9.910000E+37  1.516162E+01  1.149141E-13
 2.8365000E+02  9.910000E+37  1.515911E+01  1.064275E-13
 2.8370000E+02  9.910000E+37  1.515593E+01  1.091209E-13
 2.8375000E+02  9.910000E+37  1.515261E+01  1.095480E-13
 2.8380000E+02  9.910000E+37  1.515090E+01  1.094906E-13
 2.8385000E+02  9.910000E+37  1.514660E+01  1.151379E-13
 2.8390000E+02  9.910000E+37  1.514412E+01  1.178190E-13
 2.8395000E+02  9.910000E+37  1.514129E+01  1.153261E-13
 2.8400000E+02  9.910000E+37  1.513785E+01  1.190701E-13
 2.8405000E+02  9.910000E+37  1.513527E+01  1.216469E-13
 2.8410000E+02  9.910000E+37  1.513397E+01  1.243496E-13
 2.8415000E+02  9.910000E+37  1.512907E+01  1.222866E-13
 2.8420000E+02  9.910000E+37  1.512862E+01  1.275764E-13
 2.8425000E+02  9.910000E+37  1.512521E+01  1.328324E-13
 2.8430000E+02  9.910000E+37  1.512124E+01  1.400644E-13
 2.8435000E+02  9.910000E+37  1.511939E+01  1.378711E-13
 2.8440000E+02  9.910000E+37  1.511422E+01  1.552510E-13
 2.8445000E+02  9.910000E+37  1.511301E+01  1.614462E-13
 2.8450000E+02  9.910000E+37  1.510960E+01  1.656214E-13
 2.8455000E+02  9.910000E+37  1.510619E+01  1.828789E-13
 2.8460000E+02  9.910000E+37  1.510434E+01  1.895682E-13
 2.8465000E+02  9.910000E+37  1.510163E+01  1.970804E-13
 2.8470000E+02  9.910000E+37  1.510027E+01  2.009305E-13
 2.8475000E+02  9.910000E+37  1.509689E+01  2.068920E-13
 2.8480000E+02  9.910000E+37  1.509281E+01  2.227252E-13
 2.8485000E+02  9.910000E+37  1.509117E+01  2.328319E-13
 2.8490000E+02  9.910000E+37  1.508647E+01  2.333172E-13
 2.8495000E+02  9.910000E+37  1.508548E+01  2.310893E-13
 2.8500000E+02  9.910000E+37  1.508264E+01  2.364193E-13
 2.8505000E+02  9.910000E+37  1.507896E+01  2.349571E-13
 2.8510000E+02  9.910000E+37  1.507582E+01  2.252660E-13
 2.8515000E+02  9.910000E+37  1.507473E+01  2.229872E-13
 2.8520000E+02  9.910000E+37  1.506985E+01  2.207294E-13
 2.8525000E+02  9.910000E+37  1.506762E+01  2.220937E-13
 2.8530000E+02  9.910000E+37  1.506406E+01  2.152303E-13
 2.8535000E+02  9.910000E+37  1.506140E+01  2.107976E-13
 2.8540000E+02  9.910000E+37  1.506058E+01  2.057884E-13
 2.8545000E+02  9.910000E+37  1.505628E+01  1.924545E-13
 2.8550000E+02  9.910000E+37  1.505606E+01  1.871748E-13
 2.8555000E+02  9.910000E+37  1.505152E+01  1.809329E-13
 2.8560000E+02  9.910000E+37  1.504953E+01  1.785005E-13
 2.8565000E+02  9.910000E+37  1.504711E+01  1.773889E-13
 2.8570000E+02  9.910000E+37  1.503984E+01  1.639832E-13
 2.8575000E+02  9.910000E+37  1.503797E+01  1.555048E-13
 2.8580000E+02  9.910000E+37  1.503535E+01  1.710290E-13
 2.8585000E+02  9.910000E+37  1.503474E+01  1.688203E-13
 2.8590000E+02  9.910000E+37  1.503087E+01  1.602287E-13
 2.8595000E+02  9.910000E+37  1.502870E+01  1.632241E-13
 2.8600000E+02  9.910000E+37  1.502365E+01  1.598469E-13
 2.8605000E+02  9.910000E+37  1.502036E+01  1.553689E-13
 2.8610000E+02  9.910000E+37  1.501955E+01  1.606298E-13
 2.8615000E+02  9.910000E+37  1.501623E+01  1.577863E-13
 2.8620000E+02  9.910000E+37  1.501478E+01  1.676112E-13
 2.8625000E+02  9.910000E+37  1.501127E+01  1.690501E-13
 2.8630000E+02  9.910000E+37  1.500874E+01  1.649212E-13
 2.8635000E+02  9.910000E+37  1.500611E+01  1.708576E-13
 2.8640000E+02  9.910000E+37  1.500297E+01  1.741154E-13
 2.8645000E+02  9.910000E+37  1.500030E+01  1.742625E-13
 2.8650000E+02  9.910000E+37  1.499602E+01  1.707631E-13
 2.8655000E+02  9.910000E+37  1.499220E+01  1.842451E-13
 2.8660000E+02  9.910000E+37  1.499143E+01  1.968010E-13
 2.8665000E+02  9.910000E+37  1.498725E+01  2.030072E-13
 2.8670000E+02  9.910000E+37  1.498622E+01  2.064469E-13
 2.8675000E+02  9.910000E+37  1.498258E+01  2.185591E-13
 2.8680000E+02  9.910000E+37  1.498002E+01  2.251524E-13
 2.8685000E+02  9.910000E+37  1.497544E+01  2.235025E-13
 2.8690000E+02  9.910000E+37  1.497404E+01  2.350600E-13
 2.8695000E+02  9.910000E+37  1.497173E+01  2.319563E-13
 2.8700000E+02  9.910000E+37  1.496821E+01  2.320935E-13
 2.8705000E+02  9.910000E+37  1.496615E+01  2.418580E-13
 2.8710000E+02  9.910000E+37  1.496519E+01  2.421648E-13
 2.8715000E+02  9.910000E+37  1.496140E+01  2.445822E-13
 2.8720000E+02  9.910000E+37  1.495760E+01  2.448391E-13
 2.8725000E+02  9.910000E+37  1.495608E+01  2.594811E-13
 2.8730000E+02  9.910000E+37  1.495333E+01  2.567826E-13
 2.8735000E+02  9.910000E+37  1.494849E+01  2.654984E-13
 2.8740000E+02  9.910000E+37  1.494459E+01  2.678483E-13
 2.8745000E+02  9.910000E+37  1.494179E+01  2.775816E-13
 2.8750000E+02  9.910000E+37  1.494047E+01  2.702376E-13
 2.8755000E+02  9.910000E+37  1.493828E+01  2.763767E-13
 2.8760000E+02  9.910000E+37  1.493495E+01  2.772389E-13
 2.8765000E+02  9.910000E+37  1.493086E+01  2.687787E-13
 2.8770000E+02  9.910000E+37  1.492818E+01  2.811280E-13
 2.8775000E+02  9.910000E+37  1.492481E+01  2.834338E-13
 2.8780000E+02  9.910000E+37  1.492317E+01  2.830228E-13
 2.8785000E+02  9.910000E+37  1.492160E+01  2.798775E-13
 2.8790000E+02  9.910000E+37  1.491837E+01  2.853689E-13
 2.8795000E+02  9.910000E+37  1.491783E+01  2.890907E-13
 2.8800000E+02  9.910000E+37  1.491402E+01  2.829152E-13
 2.8805000E+02  9.910000E+37  1.491108E+01  2.930671E-13
 2.8810000E+02  9.910000E+37  1.490926E+01  2.955642E-13
 2.8815000E+02  9.910000E+37  1.490449E+01  3.032578E-13
 2.8820000E+02  9.910000E+37  1.490159E+01  3.012798E-13
 2.8825000E+02  9.910000E+37  1.489852E+01  3.035309E-13
 2.8830000E+02  9.910000E+37  1.489683E+01  3.051404E-13
 2.8835000E+02  9.910000E+37  1.489373E+01  3.034377E-13
 2.8840000E+02  9.910000E+37  1.489121E+01  3.063198E-13
 2.8845000E+02  9.910000E+37  1.488847E+01  3.044083E-13
 2.8850000E+02  9.910000E+37  1.488581E+01  3.147741E-13
 2.8855000E+02  9.910000E+37  1.488316E+01  3.097314E-13
 2.8860000E+02  9.910000E+37  1.488129E+01  3.030976E-13
 2.8865000E+02  9.910000E+37  1.487586E+01  2.956269E-13
 2.8870000E+02  9.910000E+37  1.487513E+01  3.124330E-13
 2.8875000E+02  9.910000E+37  1.487253E+01  3.079563E-13
 2.8880000E+02  9.910000E+37  1.486920E+01  3.127816E-13
 2.8885000E+02  9.910000E+37  1.486619E+01  3.171657E-13
 2.8890000E+02  9.910000E+37  1.486376E+01  3.137679E-13
 2.8895000E+02  9.910000E+37  1.486223E+01  3.234217E-13
 2.8900000E+02  9.910000E+37  1.485850E+01  3.195180E-13
 2.8905000E+02  9.910000E+37  1.485506E+01  3.206346E-13
 2.8910000E+02  9.910000E+37  1.485277E+01  3.236281E-13
 2.8915000E+02  9.910000E+37  1.485056E+01  3.275018E-13
 2.8920000E+02  9.910000E+37  1.484892E+01  3.349775E-13
 2.8925000E+02  9.910000E+37  1.484771E+01  3.309546E-13
 2.8930000E+02  9.910000E+37  1.484403E+01  3.437073E-13
 2.8935000E+02  9.910000E+37  1.484245E+01  3.543868E-13
 2.8940000E+02  9.910000E+37  1.483537E+01  3.489183E-13
 2.8945000E+02  9.910000E+37  1.483457E+01  3.585015E-13
 2.8950000E+02  9.910000E+37  1.483082E+01  3.602795E-13
 2.8955000E+02  9.910000E+37  1.482756E+01  3.717356E-13
 2.8960000E+02  9.910000E+37  1.482538E+01  3.683926E-13
 2.8965000E+02  9.910000E+37  1.482382E+01  3.747408E-13
 2.8970000E+02  9.910000E+37  1.481961E+01  3.904698E-13
 2.8975000E+02  9.910000E+37  1.481855E+01  3.900427E-13
 2.8980000E+02  9.910000E+37  1.481392E+01  3.950987E-13
 2.8985000E+02  9.910000E+37  1.481253E+01  4.042098E-13
 2.8990000E+02  9.910000E+37  1.481085E+01  4.057965E-13
 2.8995000E+02  9.910000E+37  1.480529E+01  4.193874E-13
 2.9000000E+02  9.910000E+37  1.480272E+01  4.252017E-13
 2.9005000E+02  9.910000E+37  1.480122E+01  4.210435E-13
 2.9010000E+02  9.910000E+37  1.479918E+01  4.341694E-13
 2.9015000E+02  9.910000E+37  1.479261E+01  4.449521E-13
 2.9020000E+02  9.910000E+37  1.479059E+01  4.439596E-13
 2.9025000E+02  9.910000E+37  1.479140E+01  4.494842E-13
 2.9030000E+02  9.910000E+37  1.478974E+01  4.719733E-13
 2.9035000E+02  9.910000E+37  1.478488E+01  4.841148E-13
 2.9040000E+02  9.910000E+37  1.478205E+01  5.005494E-13
 2.9045000E+02  9.910000E+37  1.478031E+01  5.190522E-13
 2.9050000E+02  9.910000E+37  1.477823E+01  5.472926E-13
 2.9055000E+02  9.910000E+37  1.477452E+01  5.734046E-13
 2.9060000E+02  9.910000E+37  1.477288E+01  6.007523E-13
 2.9065000E+02  9.910000E+37  1.477041E+01  6.309840E-13
 2.9070000E+02  9.910000E+37  1.476515E+01  6.686497E-13
 2.9075000E+02  9.910000E+37  1.476255E+01  7.179500E-13
 2.9080000E+02  9.910000E+37  1.475976E+01  7.707304E-13
 2.9085000E+02  9.910000E+37  1.475736E+01  8.494276E-13
 2.9090000E+02  9.910000E+37  1.475537E+01  9.406898E-13
 2.9095000E+02  9.910000E+37  1.475272E+01  1.056902E-12
 2.9100000E+02  9.910000E+37  1.474994E+01  1.206297E-12
 2.9105000E+02  9.910000E+37  1.474914E+01  1.439644E-12
 2.9110000E+02  9.910000E+37  1.474600E+01  1.713018E-12
 2.9115000E+02  9.910000E+37  1.474411E+01  2.069439E-12
 2.9120000E+02  9.910000E+37  1.474073E+01  2.434865E-12
 2.9125000E+02  9.910000E+37  1.473685E+01  2.785682E-12
 2.9130000E+02  9.910000E+37  1.473350E+01  3.069120E-12
 2.9135000E+02  9.910000E+37  1.473014E+01  3.259254E-12
 2.9140000E+02  9.910000E+37  1.472819E+01  3.363794E-12
 2.9145000E+02  9.910000E+37  1.472393E+01  3.391660E-12
 2.9150000E+02  9.910000E+37  1.472215E+01  3.336329E-12
 2.9155000E+02  9.910000E+37  1.471962E+01  3.209978E-12
 2.9160000E+02  9.910000E+37  1.471757E+01  3.005728E-12
 2.9165000E+02  9.910000E+37  1.471422E+01  2.783879E-12
 2.9170000E+02  9.910000E+37  1.471329E+01  2.578094E-12
 2.9175000E+02  9.910000E+37  1.471189E+01  2.451463E-12
 2.9180000E+02  9.910000E+37  1.470958E+01  2.399939E-12
 2.9185000E+02  9.910000E+37  1.470728E+01  2.407999E-12
 2.9190000E+02  9.910000E+37  1.470346E+01  2.427996E-12
 2.9195000E+02  9.910000E+37  1.470153E+01  2.482242E-12
 2.9200000E+02  9.910000E+37  1.469794E+01  2.509715E-12
 2.9205000E+02  9.910000E+37  1.469488E+01  2.544291E-12
 2.9210000E+02  9.910000E+37  1.469086E+01  2.565664E-12
 2.9215000E+02  9.910000E+37  1.468948E+01  2.581098E-12
 2.9220000E+02  9.910000E+37  1.468681E+01  2.607078E-12
 2.9225000E+02  9.910000E+37  1.468656E+01  2.622852E-12
 2.9230000E+02  9.910000E+37  1.468193E+01  2.642500E-12
 2.9235000E+02  9.910000E+37  1.468061E+01  2.651142E-12
 2.9240000E+02  9.910000E+37  1.467706E+01  2.662558E-12
 2.9245000E+02  9.910000E+37  1.467441E+01  2.662017E-12
 2.9250000E+02  9.910000E+37  1.467060E+01  2.662760E-12
 2.9255000E+02  9.910000E+37  1.466927E+01  2.646396E-12
 2.9260000E+02  9.910000E+37  1.466529E+01  2.628869E-12
 2.9265000E+02  9.910000E+37  1.466384E+01  2.618998E-12
 2.9270000E+02  9.910000E+37  1.466223E+01  2.595501E-12
 2.9275000E+02  9.910000E+37  1.465792E+01  2.581261E-12
 2.9280000E+02  9.910000E+37  1.465685E+01  2.554657E-12
 2.9285000E+02  9.910000E+37  1.465348E+01  2.520557E-12
 2.9290000E+02  9.910000E+37  1.464960E+01  2.481249E-12
 2.9295000E+02  9.910000E+37  1.464814E+01  2.446603E-12
 2.9300000E+02  9.910000E+37  1.464337E+01  2.399212E-12
 2.9305000E+02  9.910000E+37  1.464181E+01  2.360653E-12
 2.9310000E+02  9.910000E+37  1.463852E+01  2.322619E-12
 2.9315000E+02  9.910000E+37  1.463591E+01  2.285077E-12
 2.9320000E+02  9.910000E+37  1.463210E+01  2.251695E-12
 2.9325000E+02  9.910000E+37  1.462916E+01  2.213036E-12
 2.9330000E+02  9.910000E+37  1.462775E+01  2.190883E-12
 2.9335000E+02  9.910000E+37  1.462401E+01  2.158631E-12
 2.9340000E+02  9.910000E+37  1.462095E+01  2.121345E-12
 2.9345000E+02  9.910000E+37  1.461842E+01  2.099547E-12
 2.9350000E+02  9.910000E+37  1.461641E+01  2.056662E-12
 2.9355000E+02  9.910000E+37  1.461276E+01  2.038766E-12
 2.9360000E+02  9.910000E+37  1.461275E+01  2.005202E-12
 2.9365000E+02  9.910000E+37  1.460948E+01  1.977485E-12
 2.9370000E+02  9.910000E+37  1.460789E+01  1.964576E-12
 2.9375000E+02  9.910000E+37  1.460498E+01  1.942461E-12
 2.9380000E+02  9.910000E+37  1.460287E+01  1.924173E-12
 2.9385000E+02  9.910000E+37  1.459726E+01  1.909838E-12
 2.9390000E+02  9.910000E+37  1.459868E+01  1.912931E-12
 2.9395000E+02  9.910000E+37  1.459532E+01  1.895394E-12
 2.9400000E+02  9.910000E+37  1.459087E+01  1.881547E-12
 2.9405000E+02  9.910000E+37  1.458650E+01  1.886093E-12
 2.9410000E+02  9.910000E+37  1.458579E+01  1.876803E-12
 2.9415000E+02  9.910000E+37  1.458262E+01  1.867047E-12
 2.9420000E+02  9.910000E+37  1.458009E+01  1.868763E-12
 2.9425000E+02  9.910000E+37  1.457644E+01  1.870419E-12
 2.9430000E+02  9.910000E+37  1.457501E+01  1.869014E-12
 2.9435000E+02  9.910000E+37  1.457183E+01  1.882331E-12
 2.9440000E+02  9.910000E+37  1.456986E+01  1.880951E-12
 2.9445000E+02  9.910000E+37  1.456602E+01  1.886463E-12
 2.9450000E+02  9.910000E+37  1.456425E+01  1.896458E-12
 2.9455000E+02  9.910000E+37  1.456194E+01  1.895966E-12
 2.9460000E+02  9.910000E+37  1.456131E+01  1.896611E-12
 2.9465000E+02  9.910000E+37  1.455851E+01  1.907128E-12
 2.9470000E+02  9.910000E+37  1.455474E+01  1.910630E-12
 2.9475000E+02  9.910000E+37  1.455348E+01  1.907317E-12
 2.9480000E+02  9.910000E+37  1.455027E+01  1.914979E-12
 2.9485000E+02  9.910000E+37  1.454797E+01  1.919043E-12
 2.9490000E+02  9.910000E+37  1.454437E+01  1.923799E-12
 2.9495000E+02  9.910000E+37  1.454039E+01  1.932818E-12
 2.9500000E+02  9.910000E+37  1.453727E+01  1.927959E-12
 2.9505000E+02  9.910000E+37  1.453586E+01  1.929040E-12
 2.9510000E+02  9.910000E+37  1.453337E+01  1.934412E-12
 2.9515000E+02  9.910000E+37  1.453160E+01  1.946463E-12
 2.9520000E+02  9.910000E+37  1.452853E+01  1.941312E-12
 2.9525000E+02  9.910000E+37  1.452538E+01  1.940915E-12
 2.9530000E+02  9.910000E+37  1.452421E+01  1.950930E-12
 2.9535000E+02  9.910000E+37  1.452077E+01  1.949635E-12
 2.9540000E+02  9.910000E+37  1.451989E+01  1.958135E-12
 2.9545000E+02  9.910000E+37  1.451731E+01  1.973879E-12
 2.9550000E+02  9.910000E+37  1.451387E+01  1.978312E-12
 2.9555000E+02  9.910000E+37  1.451258E+01  1.989182E-12
 2.9560000E+02  9.910000E+37  1.450851E+01  2.004043E-12
 2.9565000E+02  9.910000E+37  1.450599E+01  2.010119E-12
 2.9570000E+02  9.910000E+37  1.450429E+01  2.023137E-12
 2.9575000E+02  9.910000E+37  1.450159E+01  2.027753E-12
 2.9580000E+02  9.910000E+37  1.450040E+01  2.042385E-12
 2.9585000E+02  9.910000E+37  1.449537E+01  2.056911E-12
 2.9590000E+02  9.910000E+37  1.449276E+01  2.060577E-12
 2.9595000E+02  9.910000E+37  1.448978E+01  2.067121E-12
 2.9600000E+02  9.910000E+37  1.448899E+01  2.084688E-12
 2.9605000E+02  9.910000E+37  1.448520E+01  2.078808E-12
 2.9610000E+02  9.910000E+37  1.448403E+01  2.097468E-12
 2.9615000E+02  9.910000E+37  1.448150E+01  2.111755E-12
 2.9620000E+02  9.910000E+37  1.447950E+01  2.117715E-12
 2.9625000E+02  9.910000E+37  1.447547E+01  2.130020E-12
 2.9630000E+02  9.910000E+37  1.447182E+01  2.138429E-12
 2.9635000E+02  9.910000E+37  1.446890E+01  2.151727E-12
 2.9640000E+02  9.910000E+37  1.446678E+01  2.145431E-12
 2.9645000E+02  9.910000E+37  1.446350E+01  2.161906E-12
 2.9650000E+02  9.910000E+37  1.446332E+01  2.170041E-12
 2.9655000E+02  9.910000E+37  1.445899E+01  2.175055E-12
 2.9660000E+02  9.910000E+37  1.445615E+01  2.174090E-12
 2.9665000E+02  9.910000E+37  1.445494E+01  2.188008E-12
 2.9670000E+02  9.910000E+37  1.445169E+01  2.188854E-12
 2.9675000E+02  9.910000E+37  1.444897E+01  2.193325E-12
 2.9680000E+02  9.910000E+37  1.444756E+01  2.206717E-12
 2.9685000E+02  9.910000E+37  1.444359E+01  2.207511E-12
 2.9690000E+02  9.910000E+37  1.444079E+01  2.209392E-12
 2.9695000E+02  9.910000E+37  1.444029E+01  2.209961E-12
 2.9700000E+02  9.910000E+37  1.443636E+01  2.224543E-12
 2.9705000E+02  9.910000E+37  1.443248E+01  2.217047E-12
 2.9710000E+02  9.910000E+37  1.442997E+01  2.227728E-12
 2.9715000E+02  9.910000E+37  1.442543E+01  2.222584E-12
 2.9720000E+02  9.910000E+37  1.442212E+01  2.228378E-12
 2.9725000E+02  9.910000E+37  1.442042E+01  2.220873E-12
 2.9730000E+02  9.910000E+37  1.441732E+01  2.229278E-12
 2.9735000E+02  9.910000E+37  1.441572E+01  2.226583E-12
 2.9740000E+02  9.910000E+37  1.441479E+01  2.236807E-12
 2.9745000E+02  9.910000E+37  1.441190E+01  2.224467E-12
 2.9750000E+02  9.910000E+37  1.440890E+01  2.229043E-12
 2.9755000E+02  9.910000E+37  1.440572E+01  2.236634E-12
 2.9760000E+02  9.910000E+37  1.440403E+01  2.228457E-12
 2.9765000E+02  9.910000E+37  1.440061E+01  2.234377E-12
 2.9770000E+02  9.910000E+37  1.439823E+01  2.232625E-12
 2.9775000E+02  9.910000E+37  1.439520E+01  2.242349E-12
 2.9780000E+02  9.910000E+37  1.439068E+01  2.231043E-12
 2.9785000E+02  9.910000E+37  1.439019E+01  2.229285E-12
 2.9790000E+02  9.910000E+37  1.438701E+01  2.230351E-12
 2.9795000E+02  9.910000E+37  1.438638E+01  2.231907E-12
 2.9800000E+02  9.910000E+37  1.438217E+01  2.221740E-12
 2.9805000E+02  9.910000E+37  1.438007E+01  2.212416E-12
 2.9810000E+02  9.910000E+37  1.437728E+01  2.206814E-12
 2.9815000E+02  9.910000E+37  1.437549E+01  2.205983E-12
 2.9820000E+02  9.910000E+37  1.437173E+01  2.203608E-12
 2.9825000E+02  9.910000E+37  1.437010E+01  2.200234E-12
 2.9830000E+02  9.910000E+37  1.436799E+01  2.195640E-12
 2.9835000E+02  9.910000E+37  1.436356E+01  2.191418E-12
 2.9840000E+02  9.910000E+37  1.436276E+01  2.202753E-12
 2.9845000E+02  9.910000E+37  1.436034E+01  2.188663E-12
 2.9850000E+02  9.910000E+37  1.435614E+01  2.190717E-12
 2.9855000E+02  9.910000E+37  1.435617E+01  2.185912E-12
 2.9860000E+02  9.910000E+37  1.435267E+01  2.194572E-12
 2.9865000E+02  9.910000E+37  1.434842E+01  2.197182E-12
 2.9870000E+02  9.910000E+37  1.434644E+01  2.193612E-12
 2.9875000E+02  9.910000E+37  1.434514E+01  2.185527E-12
 2.9880000E+02  9.910000E+37  1.434185E+01  2.179875E-12
 2.9885000E+02  9.910000E+37  1.433991E+01  2.175289E-12
 2.9890000E+02  9.910000E+37  1.433753E+01  2.180762E-12
 2.9895000E+02  9.910000E+37  1.433396E+01  2.174562E-12
 2.9900000E+02  9.910000E+37  1.433215E+01  2.171043E-12
 2.9905000E+02  9.910000E+37  1.432782E+01  2.180757E-12
 2.9910000E+02  9.910000E+37  1.432753E+01  2.180040E-12
 2.9915000E+02  9.910000E+37  1.432388E+01  2.181585E-12
 2.9920000E+02  9.910000E+37  1.432347E+01  2.178502E-12
 2.9925000E+02  9.910000E+37  1.431961E+01  2.177343E-12
 2.9930000E+02  9.910000E+37  1.431636E+01  2.170823E-12
 2.9935000E+02  9.910000E+37  1.431356E+01  2.179276E-12
 2.9940000E+02  9.910000E+37  1.431323E+01  2.175577E-12
 2.9945000E+02  9.910000E+37  1.430969E+01  2.182184E-12
 2.9950000E+02  9.910000E+37  1.430780E+01  2.172930E-12
 2.9955000E+02  9.910000E+37  1.430408E+01  2.169886E-12
 2.9960000E+02  9.910000E+37  1.429980E+01  2.179830E-12
 2.9965000E+02  9.910000E+37  1.429675E+01  2.172380E-12
 2.9970000E+02  9.910000E+37  1.429567E+01  2.179736E-12
 2.9975000E+02  9.910000E+37  1.429385E+01  2.181965E-12
 2.9980000E+02  9.910000E+37  1.429036E+01  2.189746E-12
 2.9985000E+02  9.910000E+37  1.428814E+01  2.180252E-12
 2.9990000E+02  9.910000E+37  1.428773E+01  2.192272E-12
 2.9995000E+02  9.910000E+37  1.428374E+01  2.187216E-12
 3.0000000E+02  9.910000E+37  1.428166E+01  2.195220E-12
 3.0005000E+02  9.910000E+37  1.427845E+01  2.205423E-12
 3.0010000E+02  9.910000E+37  1.427555E+01  2.204124E-12
 3.0015000E+02  9.910000E+37  1.427268E+01  2.206063E-12
 3.0020000E+02  9.910000E+37  1.427169E+01  2.212097E-12
 3.0025000E+02  9.910000E+37  1.426820E+01  2.217838E-12
 3.0030000E+02  9.910000E+37  1.426958E+01  2.203385E-12
 3.0035000E+02  9.910000E+37  1.426379E+01  2.216295E-12
 3.0040000E+02  9.910000E+37  1.426120E+01  2.213256E-12
 3.0045000E+02  9.910000E+37  1.425799E+01  2.217824E-12
 3.0050000E+02  9.910000E+37  1.425474E+01  2.222200E-12
 3.0055000E+02  9.910000E+37  1.425329E+01  2.228240E-12
 3.0060000E+02  9.910000E+37  1.425280E+01  2.223709E-12
 3.0065000E+02  9.910000E+37  1.424773E+01  2.226361E-12
 3.0070000E+02  9.910000E+37  1.424773E+01  2.229666E-12
 3.0075000E+02  9.910000E+37  1.424616E+01  2.227023E-12
 3.0080000E+02  9.910000E+37  1.424285E+01  2.232625E-12
 3.0085000E+02  9.910000E+37  1.424076E+01  2.237654E-12
 3.0090000E+02  9.910000E+37  1.423656E+01  2.229887E-12
 3.0095000E+02  9.910000E+37  1.423497E+01  2.232455E-12
 3.0100000E+02  9.910000E+37  1.423237E+01  2.236772E-12
 3.0105000E+02  9.910000E+37  1.423020E+01  2.234751E-12
 3.0110000E+02  9.910000E+37  1.422764E+01  2.225167E-12
 3.0115000E+02  9.910000E+37  1.422770E+01  2.232772E-12
 3.0120000E+02  9.910000E+37  1.422520E+01  2.236895E-12
 3.0125000E+02  9.910000E+37  1.422178E+01  2.245082E-12
 3.0130000E+02  9.910000E+37  1.421568E+01  2.241052E-12
 3.0135000E+02  9.910000E+37  1.421438E+01  2.236235E-12
 3.0140000E+02  9.910000E+37  1.421286E+01  2.241611E-12
 3.0145000E+02  9.910000E+37  1.421085E+01  2.244435E-12
 3.0150000E+02  9.910000E+37  1.420888E+01  2.237342E-12
 3.0155000E+02  9.910000E+37  1.420466E+01  2.246714E-12
 3.0160000E+02  9.910000E+37  1.420101E+01  2.238528E-12
 3.0165000E+02  9.910000E+37  1.419998E+01  2.242364E-12
 3.0170000E+02  9.910000E+37  1.419668E+01  2.240799E-12
 3.0175000E+02  9.910000E+37  1.419464E+01  2.255904E-12
 3.0180000E+02  9.910000E+37  1.419380E+01  2.246996E-12
 3.0185000E+02  9.910000E+37  1.419124E+01  2.249490E-12
 3.0190000E+02  9.910000E+37  1.418674E+01  2.251728E-12
 3.0195000E+02  9.910000E+37  1.418601E+01  2.265987E-12
 3.0200000E+02  9.910000E+37  1.418268E+01  2.259653E-12
 3.0205000E+02  9.910000E+37  1.418171E+01  2.261145E-12
 3.0210000E+02  9.910000E+37  1.417621E+01  2.266975E-12
 3.0215000E+02  9.910000E+37  1.417446E+01  2.269826E-12
 3.0220000E+02  9.910000E+37  1.417157E+01  2.275057E-12
 3.0225000E+02  9.910000E+37  1.416935E+01  2.283296E-12
 3.0230000E+02  9.910000E+37  1.416570E+01  2.287648E-12
 3.0235000E+02  9.910000E+37  1.416481E+01  2.285991E-12
 3.0240000E+02  9.910000E+37  1.416158E+01  2.285686E-12
 3.0245000E+02  9.910000E+37  1.416014E+01  2.303038E-12
 3.0250000E+02  9.910000E+37  1.415833E+01  2.297005E-12
 3.0255000E+02  9.910000E+37  1.415610E+01  2.301209E-12
 3.0260000E+02  9.910000E+37  1.415162E+01  2.308443E-12
 3.0265000E+02  9.910000E+37  1.414993E+01  2.308056E-12
 3.0270000E+02  9.910000E+37  1.414808E+01  2.323895E-12
 3.0275000E+02  9.910000E+37  1.414188E+01  2.326209E-12
 3.0280000E+02  9.910000E+37  1.414300E+01  2.327242E-12
 3.0285000E+02  9.910000E+37  1.413939E+01  2.336719E-12
 3.0290000E+02  9.910000E+37  1.413627E+01  2.329011E-12
 3.0295000E+02  9.910000E+37  1.413554E+01  2.330318E-12
 3.0300000E+02  9.910000E+37  1.413391E+01  2.336157E-12
 3.0305000E+02  9.910000E+37  1.412893E+01  2.340300E-12
 3.0310000E+02  9.910000E+37  1.412845E+01  2.330257E-12
 3.0315000E+02  9.910000E+37  1.412508E+01  2.333153E-12
 3.0320000E+02  9.910000E+37  1.412281E+01  2.337052E-12
 3.0325000E+02  9.910000E+37  1.412118E+01  2.334761E-12
 3.0330000E+02  9.910000E+37  1.411630E+01  2.318125E-12
 3.0335000E+02  9.910000E+37  1.411503E+01  2.312993E-12
 3.0340000E+02  9.910000E+37  1.411170E+01  2.316247E-12
 3.0345000E+02  9.910000E+37  1.410873E+01  2.308658E-12
 3.0350000E+02  9.910000E+37  1.410737E+01  2.319077E-12
 3.0355000E+02  9.910000E+37  1.410402E+01  2.336654E-12
 3.0360000E+02  9.910000E+37  1.410204E+01  2.320645E-12
 3.0365000E+02  9.910000E+37  1.410126E+01  2.301349E-12
 3.0370000E+02  9.910000E+37  1.409862E+01  2.299943E-12
 3.0375000E+02  9.910000E+37  1.409660E+01  2.304915E-12
 3.0380000E+02  9.910000E+37  1.409050E+01  2.299313E-12
 3.0385000E+02  9.910000E+37  1.409102E+01  2.289697E-12
 3.0390000E+02  9.910000E+37  1.408846E+01  2.284171E-12
 3.0395000E+02  9.910000E+37  1.408575E+01  2.282098E-12
 3.0400000E+02  9.910000E+37  1.408381E+01  2.264240E-12
 3.0405000E+02  9.910000E+37  1.408097E+01  2.264513E-12
 3.0410000E+02  9.910000E+37  1.408018E+01  2.204707E-12
 3.0415000E+02  9.910000E+37  1.407698E+01  2.193000E-12
 3.0420000E+02  9.910000E+37  1.407488E+01  2.191163E-12
 3.0425000E+02  9.910000E+37  1.407115E+01  2.200430E-12
 3.0430000E+02  9.910000E+37  1.407192E+01  2.199300E-12
 3.0435000E+02  9.910000E+37  1.406600E+01  2.147908E-12
 3.0440000E+02  9.910000E+37  1.406431E+01  2.163183E-12
 3.0445000E+02  9.910000E+37  1.406222E+01  2.150665E-12
 3.0450000E+02  9.910000E+37  1.405920E+01  2.145456E-12
 3.0455000E+02  9.910000E+37  1.405711E+01  2.139271E-12
 3.0460000E+02  9.910000E+37  1.405418E+01  2.178703E-12
 3.0465000E+02  9.910000E+37  1.405194E+01  2.190172E-12
 3.0470000E+02  9.910000E+37  1.405107E+01  2.192949E-12
 3.0475000E+02  9.910000E+37  1.404789E+01  2.180890E-12
 3.0480000E+02  9.910000E+37  1.404604E+01  2.175025E-12
 3.0485000E+02  9.910000E+37  1.404295E+01  2.167000E-12
 3.0490000E+02  9.910000E+37  1.404075E+01  2.166334E-12
 3.0495000E+02  9.910000E+37  1.403603E+01  2.167024E-12
 3.0500000E+02  9.910000E+37  1.403283E+01  2.155122E-12
 3.0505000E+02  9.910000E+37  1.403172E+01  2.154229E-12
 3.0510000E+02  9.910000E+37  1.402938E+01  2.151155E-12
 3.0515000E+02  9.910000E+37  1.402730E+01  2.150147E-12
 3.0520000E+02  9.910000E+37  1.402411E+01  2.141939E-12
 3.0525000E+02  9.910000E+37  1.402354E+01  2.145439E-12
 3.0530000E+02  9.910000E+37  1.402100E+01  2.146810E-12
 3.0535000E+02  9.910000E+37  1.401884E+01  2.142232E-12
 3.0540000E+02  9.910000E+37  1.401527E+01  2.143950E-12
 3.0545000E+02  9.910000E+37  1.401420E+01  2.140802E-12
 3.0550000E+02  9.910000E+37  1.401160E+01  2.141704E-12
 3.0555000E+02  9.910000E+37  1.400728E+01  2.137418E-12
 3.0560000E+02  9.910000E+37  1.400431E+01  2.142013E-12
 3.0565000E+02  9.910000E+37  1.400356E+01  2.146662E-12
 3.0570000E+02  9.910000E+37  1.400087E+01  2.144325E-12
 3.0575000E+02  9.910000E+37  1.399673E+01  2.139610E-12
 3.0580000E+02  9.910000E+37  1.399527E+01  2.148620E-12
 3.0585000E+02  9.910000E+37  1.399182E+01  2.135761E-12
 3.0590000E+02  9.910000E+37  1.398968E+01  2.139962E-12
 3.0595000E+02  9.910000E+37  1.398814E+01  2.146912E-12
 3.0600000E+02  9.910000E+37  1.398511E+01  2.145556E-12
 3.0605000E+02  9.910000E+37  1.398303E+01  2.139057E-12
 3.0610000E+02  9.910000E+37  1.398133E+01  2.150326E-12
 3.0615000E+02  9.910000E+37  1.397942E+01  2.161680E-12
 3.0620000E+02  9.910000E+37  1.397575E+01  2.152619E-12
 3.0625000E+02  9.910000E+37  1.397571E+01  2.154754E-12
 3.0630000E+02  9.910000E+37  1.397195E+01  2.158677E-12
 3.0635000E+02  9.910000E+37  1.396820E+01  2.163615E-12
 3.0640000E+02  9.910000E+37  1.396755E+01  2.153724E-12
 3.0645000E+02  9.910000E+37  1.396552E+01  2.164584E-12
 3.0650000E+02  9.910000E+37  1.396534E+01  2.165831E-12
 3.0655000E+02  9.910000E+37  1.396134E+01  2.165627E-12
 3.0660000E+02  9.910000E+37  1.395942E+01  2.169037E-12
 3.0665000E+02  9.910000E+37  1.395536E+01  2.175755E-12
 3.0670000E+02  9.910000E+37  1.395351E+01  2.178017E-12
 3.0675000E+02  9.910000E+37  1.395232E+01  2.170628E-12
 3.0680000E+02  9.910000E+37  1.394714E+01  2.173427E-12
 3.0685000E+02  9.910000E+37  1.394647E+01  2.170267E-12
 3.0690000E+02  9.910000E+37  1.394233E+01  2.177755E-12
 3.0695000E+02  9.910000E+37  1.394185E+01  2.168011E-12
 3.0700000E+02  9.910000E+37  1.393763E+01  2.172956E-12
 3.0705000E+02  9.910000E+37  1.393613E+01  2.172363E-12
 3.0710000E+02  9.910000E+37  1.393513E+01  2.162955E-12
 3.0715000E+02  9.910000E+37  1.393129E+01  2.161919E-12
 3.0720000E+02  9.910000E+37  1.392898E+01  2.158183E-12
 3.0725000E+02  9.910000E+37  1.392738E+01  2.153884E-12
 3.0730000E+02  9.910000E+37  1.392293E+01  2.147191E-12
 3.0735000E+02  9.910000E+37  1.392222E+01  2.149770E-12
 3.0740000E+02  9.910000E+37  1.391813E+01  2.142083E-12
 3.0745000E+02  9.910000E+37  1.391760E+01  2.131184E-12
 3.0750000E+02  9.910000E+37  1.391616E+01  2.134256E-12
 3.0755000E+02  9.910000E+37  1.391584E+01  2.128967E-12
 3.0760000E+02  9.910000E+37  1.391172E+01  2.117092E-12
 3.0765000E+02  9.910000E+37  1.390968E+01  2.104039E-12
 3.0770000E+02  9.910000E+37  1.390785E+01  2.108026E-12
 3.0775000E+02  9.910000E+37  1.390345E+01  2.104828E-12
 3.0780000E+02  9.910000E+37  1.390229E+01  2.092862E-12
 3.0785000E+02  9.910000E+37  1.389857E+01  2.084511E-12
 3.0790000E+02  9.910000E+37  1.389764E+01  2.073211E-12
 3.0795000E+02  9.910000E+37  1.389403E+01  2.075544E-12
 3.0800000E+02  9.910000E+37  1.389280E+01  2.069061E-12
 3.0805000E+02  9.910000E+37  1.389036E+01  2.044271E-12
 3.0810000E+02  9.910000E+37  1.388641E+01  2.044686E-12
 3.0815000E+02  9.910000E+37  1.388538E+01  2.037466E-12
 3.0820000E+02  9.910000E+37  1.388209E+01  2.027294E-12
 3.0825000E+02  9.910000E+37  1.387936E+01  2.021459E-12
 3.0830000E+02  9.910000E+37  1.387775E+01  2.019233E-12
 3.0835000E+02  9.910000E+37  1.387545E+01  2.010843E-12
 3.0840000E+02  9.910000E+37  1.387067E+01  1.997104E-12
 3.0845000E+02  9.910000E+37  1.386870E+01  1.985152E-12
 3.0850000E+02  9.910000E+37  1.386632E+01  1.982892E-12
 3.0855000E+02  9.910000E+37  1.386616E+01  1.965106E-12
 3.0860000E+02  9.910000E+37  1.386186E+01  1.959719E-12
 3.0865000E+02  9.910000E+37  1.386060E+01  1.951273E-12
 3.0870000E+02  9.910000E+37  1.385843E+01  1.943949E-12
 3.0875000E+02  9.910000E+37  1.385556E+01  1.928466E-12
 3.0880000E+02  9.910000E+37  1.385207E+01  1.920741E-12
 3.0885000E+02  9.910000E+37  1.384981E+01  1.907091E-12
 3.0890000E+02  9.910000E+37  1.384966E+01  1.896104E-12
 3.0895000E+02  9.910000E+37  1.384566E+01  1.896409E-12
 3.0900000E+02  9.910000E+37  1.384267E+01  1.886985E-12
 3.0905000E+02  9.910000E+37  1.383983E+01  1.874432E-12
 3.0910000E+02  9.910000E+37  1.383955E+01  1.862758E-12
 3.0915000E+02  9.910000E+37  1.383474E+01  1.857788E-12
 3.0920000E+02  9.910000E+37  1.383339E+01  1.834575E-12
 3.0925000E+02  9.910000E+37  1.383233E+01  1.838761E-12
 3.0930000E+02  9.910000E+37  1.382958E+01  1.819185E-12
 3.0935000E+02  9.910000E+37  1.382791E+01  1.811535E-12
 3.0940000E+02  9.910000E+37  1.382470E+01  1.795248E-12
 3.0945000E+02  9.910000E+37  1.382330E+01  1.790884E-12
 3.0950000E+02  9.910000E+37  1.381976E+01  1.779296E-12
 3.0955000E+02  9.910000E+37  1.381738E+01  1.767502E-12
 3.0960000E+02  9.910000E+37  1.381755E+01  1.758066E-12
 3.0965000E+02  9.910000E+37  1.381205E+01  1.742806E-12
 3.0970000E+02  9.910000E+37  1.380933E+01  1.734511E-12
 3.0975000E+02  9.910000E+37  1.380710E+01  1.724864E-12
 3.0980000E+02  9.910000E+37  1.380547E+01  1.707634E-12
 3.0985000E+02  9.910000E+37  1.380309E+01  1.705411E-12
 3.0990000E+02  9.910000E+37  1.380115E+01  1.693046E-12
 3.0995000E+02  9.910000E+37  1.379846E+01  1.682914E-12
 3.1000000E+02  9.910000E+37  1.379675E+01  1.674737E-12
 3.1005000E+02  9.910000E+37  1.379522E+01  1.657586E-12
 3.1010000E+02  9.910000E+37  1.379108E+01  1.646372E-12
 3.1015000E+02  9.910000E+37  1.379130E+01  1.633447E-12
 3.1020000E+02  9.910000E+37  1.378593E+01  1.619774E-12
 3.1025000E+02  9.910000E+37  1.378255E+01  1.604681E-12
 3.1030000E+02  9.910000E+37  1.378255E+01  1.599779E-12
 3.1035000E+02  9.910000E+37  1.377981E+01  1.588497E-12
 3.1040000E+02  9.910000E+37  1.377528E+01  1.578986E-12
 3.1045000E+02  9.910000E+37  1.377450E+01  1.568880E-12
 3.1050000E+02  9.910000E+37  1.377121E+01  1.561732E-12
 3.1055000E+02  9.910000E+37  1.376760E+01  1.551670E-12
 3.1060000E+02  9.910000E+37  1.376632E+01  1.537757E-12
 3.1065000E+02  9.910000E+37  1.376391E+01  1.531926E-12
 3.1070000E+02  9.910000E+37  1.376130E+01  1.511769E-12
 3.1075000E+02  9.910000E+37  1.375905E+01  1.493562E-12
 3.1080000E+02  9.910000E+37  1.375853E+01  1.485203E-12
 3.1085000E+02  9.910000E+37  1.375485E+01  1.477581E-12
 3.1090000E+02  9.910000E+37  1.375154E+01  1.460723E-12
 3.1095000E+02  9.910000E+37  1.375119E+01  1.453939E-12
 3.1100000E+02  9.910000E+37  1.374856E+01  1.438892E-12
 3.1105000E+02  9.910000E+37  1.374522E+01  1.437105E-12
 3.1110000E+02  9.910000E+37  1.374457E+01  1.421818E-12
 3.1115000E+02  9.910000E+37  1.374011E+01  1.417015E-12
 3.1120000E+02  9.910000E+37  1.373820E+01  1.396005E-12
 3.1125000E+02  9.910000E+37  1.373767E+01  1.386536E-12
 3.1130000E+02  9.910000E+37  1.373336E+01  1.376367E-12
 3.1135000E+02  9.910000E+37  1.373217E+01  1.368453E-12
 3.1140000E+02  9.910000E+37  1.372849E+01  1.350510E-12
 3.1145000E+02  9.910000E+37  1.372800E+01  1.344109E-12
 3.1150000E+02  9.910000E+37  1.372547E+01  1.331143E-12
 3.1155000E+02  9.910000E+37  1.372212E+01  1.312966E-12
 3.1160000E+02  9.910000E+37  1.372143E+01  1.303760E-12
 3.1165000E+02  9.910000E+37  1.371760E+01  1.291393E-12
 3.1170000E+02  9.910000E+37  1.371494E+01  1.286309E-12
 3.1175000E+02  9.910000E+37  1.371115E+01  1.271466E-12
 3.1180000E+02  9.910000E+37  1.370916E+01  1.275092E-12
 3.1185000E+02  9.910000E+37  1.370833E+01  1.260782E-12
 3.1190000E+02  9.910000E+37  1.370520E+01  1.260468E-12
 3.1195000E+02  9.910000E+37  1.370218E+01  1.242491E-12
 3.1200000E+02  9.910000E+37  1.370104E+01  1.237720E-12
 3.1205000E+02  9.910000E+37  1.369918E+01  1.221860E-12
 3.1210000E+02  9.910000E+37  1.369537E+01  1.214702E-12
 3.1215000E+02  9.910000E+37  1.369497E+01  1.199535E-12
 3.1220000E+02  9.910000E+37  1.369139E+01  1.193713E-12
 3.1225000E+02  9.910000E+37  1.369023E+01  1.193904E-12
 3.1230000E+02  9.910000E+37  1.368646E+01  1.172275E-12
 3.1235000E+02  9.910000E+37  1.368493E+01  1.175337E-12
 3.1240000E+02  9.910000E+37  1.368136E+01  1.163505E-12
 3.1245000E+02  9.910000E+37  1.368015E+01  1.159868E-12
 3.1250000E+02  9.910000E+37  1.367574E+01  1.149185E-12
 3.1255000E+02  9.910000E+37  1.367452E+01  1.148244E-12
 3.1260000E+02  9.910000E+37  1.367230E+01  1.140593E-12
 3.1265000E+02  9.910000E+37  1.367030E+01  1.141819E-12
 3.1270000E+02  9.910000E+37  1.366871E+01  1.128650E-12
 3.1275000E+02  9.910000E+37  1.366664E+01  1.128693E-12
 3.1280000E+02  9.910000E+37  1.366546E+01  1.123839E-12
 3.1285000E+02  9.910000E+37  1.366324E+01  1.115427E-12
 3.1290000E+02  9.910000E+37  1.365970E+01  1.112125E-12
 3.1295000E+02  9.910000E+37  1.365806E+01  1.098042E-12
 3.1300000E+02  9.910000E+37  1.365727E+01  1.101786E-12
 3.1305000E+02  9.910000E+37  1.365395E+01  1.106424E-12
 3.1310000E+02  9.910000E+37  1.365194E+01  1.094477E-12
 3.1315000E+02  9.910000E+37  1.364803E+01  1.091910E-12
 3.1320000E+02  9.910000E+37  1.364540E+01  1.088629E-12
 3.1325000E+02  9.910000E+37  1.364272E+01  1.091233E-12
 3.1330000E+02  9.910000E+37  1.364148E+01  1.083788E-12
 3.1335000E+02  9.910000E+37  1.363687E+01  1.085505E-12
 3.1340000E+02  9.910000E+37  1.363540E+01  1.072404E-12
 3.1345000E+02  9.910000E+37  1.363381E+01  1.073053E-12
 3.1350000E+02  9.910000E+37  1.363161E+01  1.071024E-12
 3.1355000E+02  9.910000E+37  1.362951E+01  1.066853E-12
 3.1360000E+02  9.910000E+37  1.362513E+01  1.053506E-12
 3.1365000E+02  9.910000E+37  1.362537E+01  1.057332E-12
 3.1370000E+02  9.910000E+37  1.362238E+01  1.053379E-12
 3.1375000E+02  9.910000E+37  1.361767E+01  1.046135E-12
 3.1380000E+02  9.910000E+37  1.361682E+01  1.053957E-12
 3.1385000E+02  9.910000E+37  1.361599E+01  1.047416E-12
 3.1390000E+02  9.910000E+37  1.361168E+01  1.040035E-12
 3.1395000E+02  9.910000E+37  1.361036E+01  1.039145E-12
 3.1400000E+02  9.910000E+37  1.360845E+01  1.038488E-12
 3.1405000E+02  9.910000E+37  1.360491E+01  1.037982E-12
 3.1410000E+02  9.910000E+37  1.360168E+01  1.033567E-12
 3.1415000E+02  9.910000E+37  1.359943E+01  1.029003E-12
 3.1420000E+02  9.910000E+37  1.359854E+01  1.041259E-12
 3.1425000E+02  9.910000E+37  1.359561E+01  1.019548E-12
 3.1430000E+02  9.910000E+37  1.359492E+01  1.015244E-12
 3.1435000E+02  9.910000E+37  1.359212E+01  1.024324E-12
 3.1440000E+02  9.910000E+37  1.358847E+01  1.018718E-12
 3.1445000E+02  9.910000E+37  1.358781E+01  1.018688E-12
 3.1450000E+02  9.910000E+37  1.358619E+01  1.017585E-12
 3.1455000E+02  9.910000E+37  1.358379E+01  1.010423E-12
 3.1460000E+02  9.910000E+37  1.357989E+01  1.002230E-12
 3.1465000E+02  9.910000E+37  1.357741E+01  1.014210E-12
 3.1470000E+02  9.910000E+37  1.357744E+01  1.001044E-12
 3.1475000E+02  9.910000E+37  1.357496E+01  9.922955E-13
 3.1480000E+02  9.910000E+37  1.356915E+01  1.000521E-12
 3.1485000E+02  9.910000E+37  1.356826E+01  1.001672E-12
 3.1490000E+02  9.910000E+37  1.356606E+01  9.891949E-13
 3.1495000E+02  9.910000E+37  1.356434E+01  9.881034E-13
 3.1500000E+02  9.910000E+37  1.356175E+01  9.805399E-13
 3.1505000E+02  9.910000E+37  1.355859E+01  9.980429E-13
 3.1510000E+02  9.910000E+37  1.355778E+01  9.771505E-13
 3.1515000E+02  9.910000E+37  1.355355E+01  9.776072E-13
 3.1520000E+02  9.910000E+37  1.355241E+01  9.834554E-13
 3.1525000E+02  9.910000E+37  1.355189E+01  9.837243E-13
 3.1530000E+02  9.910000E+37  1.354884E+01  9.750944E-13
 3.1535000E+02  9.910000E+37  1.354528E+01  9.812815E-13
 3.1540000E+02  9.910000E+37  1.354307E+01  9.757707E-13
 3.1545000E+02  9.910000E+37  1.354123E+01  9.796545E-13
 3.1550000E+02  9.910000E+37  1.353987E+01  9.767430E-13
 3.1555000E+02  9.910000E+37  1.353650E+01  9.721364E-13
 3.1560000E+02  9.910000E+37  1.353492E+01  9.674674E-13
 3.1565000E+02  9.910000E+37  1.353333E+01  9.731778E-13
 3.1570000E+02  9.910000E+37  1.353099E+01  9.669232E-13
 3.1575000E+02  9.910000E+37  1.352809E+01  9.593253E-13
 3.1580000E+02  9.910000E+37  1.352716E+01  9.741278E-13
 3.1585000E+02  9.910000E+37  1.352469E+01  9.616627E-13
 3.1590000E+02  9.910000E+37  1.351933E+01  9.731766E-13
 3.1595000E+02  9.910000E+37  1.352003E+01  9.651946E-13
 3.1600000E+02  9.910000E+37  1.351450E+01  9.655248E-13
 3.1605000E+02  9.910000E+37  1.351487E+01  9.649781E-13
 3.1610000E+02  9.910000E+37  1.351077E+01  9.676526E-13
 3.1615000E+02  9.910000E+37  1.350741E+01  9.625699E-13
 3.1620000E+02  9.910000E+37  1.350753E+01  9.660406E-13
 3.1625000E+02  9.910000E+37  1.350476E+01  9.662081E-13
 3.1630000E+02  9.910000E+37  1.350516E+01  9.689510E-13
 3.1635000E+02  9.910000E+37  1.349925E+01  9.753975E-13
 3.1640000E+02  9.910000E+37  1.349877E+01  9.642729E-13
 3.1645000E+02  9.910000E+37  1.349566E+01  9.654682E-13
 3.1650000E+02  9.910000E+37  1.349421E+01  9.653602E-13
 3.1655000E+02  9.910000E+37  1.349213E+01  9.619260E-13
 3.1660000E+02  9.910000E+37  1.349065E+01  9.630314E-13
 3.1665000E+02  9.910000E+37  1.348822E+01  9.603474E-13
 3.1670000E+02  9.910000E+37  1.348590E+01  9.587056E-13
 3.1675000E+02  9.910000E+37  1.348467E+01  9.668679E-13
 3.1680000E+02  9.910000E+37  1.348121E+01  9.632414E-13
 3.1685000E+02  9.910000E+37  1.348088E+01  9.607200E-13
 3.1690000E+02  9.910000E+37  1.347682E+01  9.606143E-13
 3.1695000E+02  9.910000E+37  1.347397E+01  9.648054E-13
 3.1700000E+02  9.910000E+37  1.347241E+01  9.676887E-13
 3.1705000E+02  9.910000E+37  1.347092E+01  9.633370E-13
 3.1710000E+02  9.910000E+37  1.346874E+01  9.687403E-13
 3.1715000E+02  9.910000E+37  1.346630E+01  9.650338E-13
 3.1720000E+02  9.910000E+37  1.346357E+01  9.681259E-13
 3.1725000E+02  9.910000E+37  1.346277E+01  9.744268E-13
 3.1730000E+02  9.910000E+37  1.346043E+01  9.684819E-13
 3.1735000E+02  9.910000E+37  1.345736E+01  9.736292E-13
 3.1740000E+02  9.910000E+37  1.345583E+01  9.716346E-13
 3.1745000E+02  9.910000E+37  1.345430E+01  9.714188E-13
 3.1750000E+02  9.910000E+37  1.345014E+01  9.713143E-13
 3.1755000E+02  9.910000E+37  1.344629E+01  9.823392E-13
 3.1760000E+02  9.910000E+37  1.344606E+01  9.794299E-13
 3.1765000E+02  9.910000E+37  1.344298E+01  9.724039E-13
 3.1770000E+02  9.910000E+37  1.344308E+01  9.751331E-13
 3.1775000E+02  9.910000E+37  1.343942E+01  9.862711E-13
 3.1780000E+02  9.910000E+37  1.343881E+01  9.885939E-13
 3.1785000E+02  9.910000E+37  1.343381E+01  9.849853E-13
 3.1790000E+02  9.910000E+37  1.343330E+01  9.833982E-13
 3.1795000E+02  9.910000E+37  1.343038E+01  9.923055E-13
 3.1800000E+02  9.910000E+37  1.342858E+01  9.933292E-13
 3.1805000E+02  9.910000E+37  1.342471E+01  9.827262E-13
 3.1810000E+02  9.910000E+37  1.342409E+01  9.938059E-13
 3.1815000E+02  9.910000E+37  1.342087E+01  9.886554E-13
 3.1820000E+02  9.910000E+37  1.341795E+01  9.863078E-13
 3.1825000E+02  9.910000E+37  1.341634E+01  9.920959E-13
 3.1830000E+02  9.910000E+37  1.341464E+01  9.995579E-13
 3.1835000E+02  9.910000E+37  1.341138E+01  1.002490E-12
 3.1840000E+02  9.910000E+37  1.340989E+01  1.010599E-12
 3.1845000E+02  9.910000E+37  1.340745E+01  1.008905E-12
 3.1850000E+02  9.910000E+37  1.340519E+01  1.011773E-12
 3.1855000E+02  9.910000E+37  1.340400E+01  1.015766E-12
 3.1860000E+02  9.910000E+37  1.340064E+01  1.016160E-12
 3.1865000E+02  9.910000E+37  1.339756E+01  1.019581E-12
 3.1870000E+02  9.910000E+37  1.339677E+01  1.018402E-12
 3.1875000E+02  9.910000E+37  1.339209E+01  1.024653E-12
 3.1880000E+02  9.910000E+37  1.339032E+01  1.017203E-12
 3.1885000E+02  9.910000E+37  1.338876E+01  1.033614E-12
 3.1890000E+02  9.910000E+37  1.338611E+01  1.023501E-12
 3.1895000E+02  9.910000E+37  1.338500E+01  1.027132E-12
 3.1900000E+02  9.910000E+37  1.338189E+01  1.028266E-12
 3.1905000E+02  9.910000E+37  1.337989E+01  1.033452E-12
 3.1910000E+02  9.910000E+37  1.337762E+01  1.031879E-12
 3.1915000E+02  9.910000E+37  1.337638E+01  1.034612E-12
 3.1920000E+02  9.910000E+37  1.337437E+01  1.041827E-12
 3.1925000E+02  9.910000E+37  1.337064E+01  1.044692E-12
 3.1930000E+02  9.910000E+37  1.336987E+01  1.045132E-12
 3.1935000E+02  9.910000E+37  1.336734E+01  1.048861E-12
 3.1940000E+02  9.910000E+37  1.336373E+01  1.046607E-12
 3.1945000E+02  9.910000E+37  1.336135E+01  1.059281E-12
 3.1950000E+02  9.910000E+37  1.336074E+01  1.056320E-12
 3.1955000E+02  9.910000E+37  1.335673E+01  1.055250E-12
 3.1960000E+02  9.910000E+37  1.335415E+01  1.059636E-12
 3.1965000E+02  9.910000E+37  1.335428E+01  1.065421E-12
 3.1970000E+02  9.910000E+37  1.335135E+01  1.065960E-12
 3.1975000E+02  9.910000E+37  1.334909E+01  1.067792E-12
 3.1980000E+02  9.910000E+37  1.334504E+01  1.063484E-12
 3.1985000E+02  9.910000E+37  1.334503E+01  1.077868E-12
 3.1990000E+02  9.910000E+37  1.334280E+01  1.081036E-12
 3.1995000E+02  9.910000E+37  1.334002E+01  1.083252E-12
 3.2000000E+02  9.910000E+37  1.333853E+01  1.088218E-12

