
 2.8000000E+02  9.910000E+37  8.498258E+00  6.269875E-14
 2.8005000E+02  9.910000E+37  8.495588E+00  4.790033E-14
 2.8010000E+02  9.910000E+37  8.495053E+00  4.048816E-14
 2.8015000E+02  9.910000E+37  8.494354E+00  3.926709E-14
 2.8020000E+02  9.910000E+37  8.491717E+00  4.085882E-14
 2.8025000E+02  9.910000E+37  8.492864E+00  4.411517E-14
 2.8030000E+02  9.910000E+37  8.490168E+00  4.252027E-14
 2.8035000E+02  9.910000E+37  8.489220E+00  4.379940E-14
 2.8040000E+02  9.910000E+37  8.488818E+00  4.635997E-14
 2.8045000E+02  9.910000E+37  8.486540E+00  3.504506E-14
 2.8050000E+02  9.910000E+37  8.483638E+00  3.985133E-14
 2.8055000E+02  9.910000E+37  8.483261E+00  4.156007E-14
 2.8060000E+02  9.910000E+37  8.481642E+00  3.771366E-14
 2.8065000E+02  9.910000E+37  8.480534E+00  3.815227E-14
 2.8070000E+02  9.910000E+37  8.479063E+00  4.514633E-14
 2.8075000E+02  9.910000E+37  8.479718E+00  4.554522E-14
 2.8080000E+02  9.910000E+37  8.477113E+00  4.898569E-14
 2.8085000E+02  9.910000E+37  8.476790E+00  4.378829E-14
 2.8090000E+02  9.910000E+37  8.475973E+00  5.012237E-14
 2.8095000E+02  9.910000E+37  8.473684E+00  4.551485E-14
 2.8100000E+02  9.910000E+37  8.473563E+00  3.423862E-14
 2.8105000E+02  9.910000E+37  8.471380E+00  4.070862E-14
 2.8110000E+02  9.910000E+37  8.470252E+00  4.148543E-14
 2.8115000E+02  9.910000E+37  8.468770E+00  4.249292E-14
 2.8120000E+02  9.910000E+37  8.468524E+00  4.214751E-14
 2.8125000E+02  9.910000E+37  8.465673E+00  4.533889E-14
 2.8130000E+02  9.910000E+37  8.466358E+00  4.312975E-14
 2.8135000E+02  9.910000E+37  8.465181E+00  4.019868E-14
 2.8140000E+02  9.910000E+37  8.464724E+00  3.900112E-14
 2.8145000E+02  9.910000E+37  8.462158E+00  4.298148E-14
 2.8150000E+02  9.910000E+37  8.461044E+00  3.590695E-14
 2.8155000E+02  9.910000E+37  8.460768E+00  4.614977E-14
 2.8160000E+02  9.910000E+37  8.458515E+00  4.302349E-14
 2.8165000E+02  9.910000E+37  8.456903E+00  4.551132E-14
 2.8170000E+02  9.910000E+37  8.456472E+00  4.886689E-14
 2.8175000E+02  9.910000E+37  8.454864E+00  4.080499E-14
 2.8180000E+02  9.910000E+37  8.454910E+00  3.641282E-14
 2.8185000E+02  9.910000E+37  8.454031E+00  4.357984E-14
 2.8190000E+02  9.910000E+37  8.452093E+00  3.923232E-14
 2.8195000E+02  9.910000E+37  8.449402E+00  4.005113E-14
 2.8200000E+02  9.910000E+37  8.449268E+00  4.115712E-14
 2.8205000E+02  9.910000E+37  8.447924E+00  4.631921E-14
 2.8210000E+02  9.910000E+37  8.446581E+00  3.862656E-14
 2.8215000E+02  9.910000E+37  8.446121E+00  3.601445E-14
 2.8220000E+02  9.910000E+37  8.444362E+00  4.290065E-14
 2.8225000E+02  9.910000E+37  8.443008E+00  6.547592E-14
 2.8230000E+02  9.910000E+37  8.441963E+00  2.959722E-14
 2.8235000E+02  9.910000E+37  8.441330E+00  4.478290E-14
 2.8240000E+02  9.910000E+37  8.441203E+00  4.196305E-14
 2.8245000E+02  9.910000E+37  8.439641E+00  3.812545E-14
 2.8250000E+02  9.910000E+37  8.436735E+00  3.270055E-14
 2.8255000E+02  9.910000E+37  8.436599E+00  3.587995E-14
 2.8260000E+02  9.910000E+37  8.432841E+00  3.657485E-14
 2.8265000E+02  9.910000E+37  8.432403E+00  3.598762E-14
 2.8270000E+02  9.910000E+37  8.431447E+00  3.560355E-14
 2.8275000E+02  9.910000E+37  8.431038E+00  4.609417E-14
 2.8280000E+02  9.910000E+37  8.429470E+00  3.478931E-14
 2.8285000E+02  9.910000E+37  8.428916E+00  3.482074E-14
 2.8290000E+02  9.910000E+37  8.427054E+00  3.452085E-14
 2.8295000E+02  9.910000E+37  8.426048E+00  3.458282E-14
 2.8300000E+02  9.910000E+37  8.424925E+00  3.865427E-14
 2.8305000E+02  9.910000E+37  8.421829E+00  4.001284E-14
 2.8310000E+02  9.910000E+37  8.421846E+00  3.483839E-14
 2.8315000E+02  9.910000E+37  8.421083E+00  3.934512E-14
 2.8320000E+02  9.910000E+37  8.420251E+00  4.178707E-14
 2.8325000E+02  9.910000E+37  8.420173E+00  3.842288E-14
 2.8330000E+02  9.910000E+37  8.418796E+00  4.025341E-14
 2.8335000E+02  9.910000E+37  8.418358E+00  3.515770E-14
 2.8340000E+02  9.910000E+37  8.417778E+00  3.908000E-14
 2.8345000E+02  9.910000E+37  8.415569E+00  3.801056E-14
 2.8350000E+02  9.910000E+37  8.413558E+00  4.326990E-14
 2.8355000E+02  9.910000E+37  8.412118E+00  4.038811E-14
 2.8360000E+02  9.910000E+37  8.411173E+00  3.634663E-14
 2.8365000E+02  9.910000E+37  8.408432E+00  4.636544E-14
 2.8370000E+02  9.910000E+37  8.408705E+00  4.893027E-14
 2.8375000E+02  9.910000E+37  8.406181E+00  4.425234E-14
 2.8380000E+02  9.910000E+37  8.403892E+00  4.089890E-14
 2.8385000E+02  9.910000E+37  8.405540E+00  4.228958E-14
 2.8390000E+02  9.910000E+37  8.403692E+00  4.523529E-14
 2.8395000E+02  9.910000E+37  8.403517E+00  3.364751E-14
 2.8400000E+02  9.910000E+37  8.401515E+00  5.926294E-14
 2.8405000E+02  9.910000E+37  8.401692E+00  4.580681E-14
 2.8410000E+02  9.910000E+37  8.400034E+00  5.731411E-14
 2.8415000E+02  9.910000E+37  8.399395E+00  4.881361E-14
 2.8420000E+02  9.910000E+37  8.398142E+00  6.054629E-14
 2.8425000E+02  9.910000E+37  8.396491E+00  6.482461E-14
 2.8430000E+02  9.910000E+37  8.394737E+00  6.832844E-14
 2.8435000E+02  9.910000E+37  8.394793E+00  7.770232E-14
 2.8440000E+02  9.910000E+37  8.393357E+00  1.046186E-13
 2.8445000E+02  9.910000E+37  8.392639E+00  1.021486E-13
 2.8450000E+02  9.910000E+37  8.390583E+00  1.172221E-13
 2.8455000E+02  9.910000E+37  8.389956E+00  1.435092E-13
 2.8460000E+02  9.910000E+37  8.388254E+00  1.446968E-13
 2.8465000E+02  9.910000E+37  8.388231E+00  1.626376E-13
 2.8470000E+02  9.910000E+37  8.386977E+00  1.779650E-13
 2.8475000E+02  9.910000E+37  8.385214E+00  1.963022E-13
 2.8480000E+02  9.910000E+37  8.385523E+00  2.006518E-13
 2.8485000E+02  9.910000E+37  8.383255E+00  2.059566E-13
 2.8490000E+02  9.910000E+37  8.381582E+00  2.258324E-13
 2.8495000E+02  9.910000E+37  8.382051E+00  2.279506E-13
 2.8500000E+02  9.910000E+37  8.379829E+00  2.341901E-13
 2.8505000E+02  9.910000E+37  8.380395E+00  2.410048E-13
 2.8510000E+02  9.910000E+37  8.379200E+00  2.318193E-13
 2.8515000E+02  9.910000E+37  8.376850E+00  2.341721E-13
 2.8520000E+02  9.910000E+37  8.376461E+00  2.296396E-13
 2.8525000E+02  9.910000E+37  8.375154E+00  2.201407E-13
 2.8530000E+02  9.910000E+37  8.373590E+00  2.191326E-13
 2.8535000E+02  9.910000E+37  8.373092E+00  2.208814E-13
 2.8540000E+02  9.910000E+37  8.369087E+00  2.150590E-13
 2.8545000E+02  9.910000E+37  8.368410E+00  2.096704E-13
 2.8550000E+02  9.910000E+37  8.367592E+00  1.985834E-13
 2.8555000E+02  9.910000E+37  8.366380E+00  1.779365E-13
 2.8560000E+02  9.910000E+37  8.365738E+00  1.643969E-13
 2.8565000E+02  9.910000E+37  8.364305E+00  1.500335E-13
 2.8570000E+02  9.910000E+37  8.362161E+00  1.368409E-13
 2.8575000E+02  9.910000E+37  8.362207E+00  1.304853E-13
 2.8580000E+02  9.910000E+37  8.361076E+00  1.251778E-13
 2.8585000E+02  9.910000E+37  8.359461E+00  1.224012E-13
 2.8590000E+02  9.910000E+37  8.359071E+00  1.258293E-13
 2.8595000E+02  9.910000E+37  8.357183E+00  1.210585E-13
 2.8600000E+02  9.910000E+37  8.356376E+00  1.241262E-13
 2.8605000E+02  9.910000E+37  8.354920E+00  1.170077E-13
 2.8610000E+02  9.910000E+37  8.354377E+00  1.220268E-13
 2.8615000E+02  9.910000E+37  8.352952E+00  1.167954E-13
 2.8620000E+02  9.910000E+37  8.350327E+00  1.128642E-13
 2.8625000E+02  9.910000E+37  8.350710E+00  1.164330E-13
 2.8630000E+02  9.910000E+37  8.350608E+00  1.132058E-13
 2.8635000E+02  9.910000E+37  8.348049E+00  1.171307E-13
 2.8640000E+02  9.910000E+37  8.346939E+00  1.117205E-13
 2.8645000E+02  9.910000E+37  8.346975E+00  1.284266E-13
 2.8650000E+02  9.910000E+37  8.343424E+00  1.226185E-13
 2.8655000E+02  9.910000E+37  8.342321E+00  1.137540E-13
 2.8660000E+02  9.910000E+37  8.340957E+00  1.270110E-13
 2.8665000E+02  9.910000E+37  8.340542E+00  1.399395E-13
 2.8670000E+02  9.910000E+37  8.340262E+00  1.196950E-13
 2.8675000E+02  9.910000E+37  8.337340E+00  1.381494E-13
 2.8680000E+02  9.910000E+37  8.336054E+00  1.428877E-13
 2.8685000E+02  9.910000E+37  8.335333E+00  1.344570E-13
 2.8690000E+02  9.910000E+37  8.333959E+00  1.356301E-13
 2.8695000E+02  9.910000E+37  8.333742E+00  1.445281E-13
 2.8700000E+02  9.910000E+37  8.332737E+00  1.599154E-13
 2.8705000E+02  9.910000E+37  8.332440E+00  1.459254E-13
 2.8710000E+02  9.910000E+37  8.331850E+00  1.407146E-13
 2.8715000E+02  9.910000E+37  8.329856E+00  1.546839E-13
 2.8720000E+02  9.910000E+37  8.327208E+00  1.503542E-13
 2.8725000E+02  9.910000E+37  8.326229E+00  1.608467E-13
 2.8730000E+02  9.910000E+37  8.325644E+00  1.667296E-13
 2.8735000E+02  9.910000E+37  8.324955E+00  1.643803E-13
 2.8740000E+02  9.910000E+37  8.322299E+00  1.580778E-13
 2.8745000E+02  9.910000E+37  8.321902E+00  1.610078E-13
 2.8750000E+02  9.910000E+37  8.321390E+00  1.648154E-13
 2.8755000E+02  9.910000E+37  8.321068E+00  1.633394E-13
 2.8760000E+02  9.910000E+37  8.319423E+00  1.671177E-13
 2.8765000E+02  9.910000E+37  8.318947E+00  1.675181E-13
 2.8770000E+02  9.910000E+37  8.317332E+00  1.689532E-13
 2.8775000E+02  9.910000E+37  8.316868E+00  1.678524E-13
 2.8780000E+02  9.910000E+37  8.314741E+00  1.683037E-13
 2.8785000E+02  9.910000E+37  8.314015E+00  1.806246E-13
 2.8790000E+02  9.910000E+37  8.312239E+00  1.667816E-13
 2.8795000E+02  9.910000E+37  8.312284E+00  1.810822E-13
 2.8800000E+02  9.910000E+37  8.308939E+00  1.653559E-13
 2.8805000E+02  9.910000E+37  8.308524E+00  1.687335E-13
 2.8810000E+02  9.910000E+37  8.309196E+00  1.658765E-13
 2.8815000E+02  9.910000E+37  8.307292E+00  1.713733E-13
 2.8820000E+02  9.910000E+37  8.305937E+00  1.694226E-13
 2.8825000E+02  9.910000E+37  8.304633E+00  1.763586E-13
 2.8830000E+02  9.910000E+37  8.303041E+00  1.784517E-13
 2.8835000E+02  9.910000E+37  8.302323E+00  1.717383E-13
 2.8840000E+02  9.910000E+37  8.300996E+00  1.731170E-13
 2.8845000E+02  9.910000E+37  8.299393E+00  1.795378E-13
 2.8850000E+02  9.910000E+37  8.299613E+00  1.740927E-13
 2.8855000E+02  9.910000E+37  8.296815E+00  1.831191E-13
 2.8860000E+02  9.910000E+37  8.296599E+00  1.749927E-13
 2.8865000E+02  9.910000E+37  8.295449E+00  1.722212E-13
 2.8870000E+02  9.910000E+37  8.293665E+00  1.776938E-13
 2.8875000E+02  9.910000E+37  8.291971E+00  1.762387E-13
 2.8880000E+02  9.910000E+37  8.293407E+00  1.789349E-13
 2.8885000E+02  9.910000E+37  8.291055E+00  1.870541E-13
 2.8890000E+02  9.910000E+37  8.288899E+00  1.911411E-13
 2.8895000E+02  9.910000E+37  8.288151E+00  1.893511E-13
 2.8900000E+02  9.910000E+37  8.288101E+00  1.893940E-13
 2.8905000E+02  9.910000E+37  8.286458E+00  1.832368E-13
 2.8910000E+02  9.910000E+37  8.285308E+00  1.790732E-13
 2.8915000E+02  9.910000E+37  8.285027E+00  1.911589E-13
 2.8920000E+02  9.910000E+37  8.283598E+00  1.873613E-13
 2.8925000E+02  9.910000E+37  8.282742E+00  1.880058E-13
 2.8930000E+02  9.910000E+37  8.282019E+00  1.948337E-13
 2.8935000E+02  9.910000E+37  8.278386E+00  1.981507E-13
 2.8940000E+02  9.910000E+37  8.277953E+00  2.016726E-13
 2.8945000E+02  9.910000E+37  8.277392E+00  2.027855E-13
 2.8950000E+02  9.910000E+37  8.277154E+00  2.203134E-13
 2.8955000E+02  9.910000E+37  8.274912E+00  2.090200E-13
 2.8960000E+02  9.910000E+37  8.273136E+00  2.095840E-13
 2.8965000E+02  9.910000E+37  8.272718E+00  2.062187E-13
 2.8970000E+02  9.910000E+37  8.271608E+00  2.118949E-13
 2.8975000E+02  9.910000E+37  8.270147E+00  2.215740E-13
 2.8980000E+02  9.910000E+37  8.269111E+00  2.171668E-13
 2.8985000E+02  9.910000E+37  8.268177E+00  2.236488E-13
 2.8990000E+02  9.910000E+37  8.266872E+00  2.203223E-13
 2.8995000E+02  9.910000E+37  8.265142E+00  2.266716E-13
 2.9000000E+02  9.910000E+37  8.264514E+00  2.195957E-13
 2.9005000E+02  9.910000E+37  8.262804E+00  2.296363E-13
 2.9010000E+02  9.910000E+37  8.262514E+00  2.406503E-13
 2.9015000E+02  9.910000E+37  8.261596E+00  2.488259E-13
 2.9020000E+02  9.910000E+37  8.260739E+00  2.342747E-13
 2.9025000E+02  9.910000E+37  8.259019E+00  2.427241E-13
 2.9030000E+02  9.910000E+37  8.257403E+00  2.477141E-13
 2.9035000E+02  9.910000E+37  8.256258E+00  2.587241E-13
 2.9040000E+02  9.910000E+37  8.255187E+00  2.653335E-13
 2.9045000E+02  9.910000E+37  8.253758E+00  2.745635E-13
 2.9050000E+02  9.910000E+37  8.253767E+00  2.903161E-13
 2.9055000E+02  9.910000E+37  8.252871E+00  3.045778E-13
 2.9060000E+02  9.910000E+37  8.249361E+00  3.120529E-13
 2.9065000E+02  9.910000E+37  8.249796E+00  3.237421E-13
 2.9070000E+02  9.910000E+37  8.249713E+00  3.437454E-13
 2.9075000E+02  9.910000E+37  8.247235E+00  3.593249E-13
 2.9080000E+02  9.910000E+37  8.245746E+00  3.949947E-13
 2.9085000E+02  9.910000E+37  8.245054E+00  4.295152E-13
 2.9090000E+02  9.910000E+37  8.243594E+00  4.775043E-13
 2.9095000E+02  9.910000E+37  8.243056E+00  5.334422E-13
 2.9100000E+02  9.910000E+37  8.242036E+00  6.181642E-13
 2.9105000E+02  9.910000E+37  8.240880E+00  7.158945E-13
 2.9110000E+02  9.910000E+37  8.240584E+00  8.633630E-13
 2.9115000E+02  9.910000E+37  8.238901E+00  1.044021E-12
 2.9120000E+02  9.910000E+37  8.237317E+00  1.210999E-12
 2.9125000E+02  9.910000E+37  8.236131E+00  1.392747E-12
 2.9130000E+02  9.910000E+37  8.235618E+00  1.533156E-12
 2.9135000E+02  9.910000E+37  8.234447E+00  1.618687E-12
 2.9140000E+02  9.910000E+37  8.232865E+00  1.681546E-12
 2.9145000E+02  9.910000E+37  8.232287E+00  1.694517E-12
 2.9150000E+02  9.910000E+37  8.231801E+00  1.669513E-12
 2.9155000E+02  9.910000E+37  8.228768E+00  1.613132E-12
 2.9160000E+02  9.910000E+37  8.228035E+00  1.513216E-12
 2.9165000E+02  9.910000E+37  8.227830E+00  1.405918E-12
 2.9170000E+02  9.910000E+37  8.226314E+00  1.299933E-12
 2.9175000E+02  9.910000E+37  8.226280E+00  1.242575E-12
 2.9180000E+02  9.910000E+37  8.224958E+00  1.213008E-12
 2.9185000E+02  9.910000E+37  8.224305E+00  1.203212E-12
 2.9190000E+02  9.910000E+37  8.222299E+00  1.224247E-12
 2.9195000E+02  9.910000E+37  8.222023E+00  1.238675E-12
 2.9200000E+02  9.910000E+37  8.219950E+00  1.279567E-12
 2.9205000E+02  9.910000E+37  8.219092E+00  1.285165E-12
 2.9210000E+02  9.910000E+37  8.218245E+00  1.291400E-12
 2.9215000E+02  9.910000E+37  8.217907E+00  1.310665E-12
 2.9220000E+02  9.910000E+37  8.214725E+00  1.307094E-12
 2.9225000E+02  9.910000E+37  8.213498E+00  1.326063E-12
 2.9230000E+02  9.910000E+37  8.212923E+00  1.332465E-12
 2.9235000E+02  9.910000E+37  8.212058E+00  1.340068E-12
 2.9240000E+02  9.910000E+37  8.211573E+00  1.337754E-12
 2.9245000E+02  9.910000E+37  8.209416E+00  1.341985E-12
 2.9250000E+02  9.910000E+37  8.208302E+00  1.328841E-12
 2.9255000E+02  9.910000E+37  8.209285E+00  1.339091E-12
 2.9260000E+02  9.910000E+37  8.205719E+00  1.328715E-12
 2.9265000E+02  9.910000E+37  8.204499E+00  1.325462E-12
 2.9270000E+02  9.910000E+37  8.204475E+00  1.310080E-12
 2.9275000E+02  9.910000E+37  8.202739E+00  1.302342E-12
 2.9280000E+02  9.910000E+37  8.202552E+00  1.289016E-12
 2.9285000E+02  9.910000E+37  8.200751E+00  1.276762E-12
 2.9290000E+02  9.910000E+37  8.200055E+00  1.252326E-12
 2.9295000E+02  9.910000E+37  8.198515E+00  1.236769E-12
 2.9300000E+02  9.910000E+37  8.195880E+00  1.210253E-12
 2.9305000E+02  9.910000E+37  8.194901E+00  1.193029E-12
 2.9310000E+02  9.910000E+37  8.194564E+00  1.183224E-12
 2.9315000E+02  9.910000E+37  8.194019E+00  1.153269E-12
 2.9320000E+02  9.910000E+37  8.193650E+00  1.133987E-12
 2.9325000E+02  9.910000E+37  8.192627E+00  1.123022E-12
 2.9330000E+02  9.910000E+37  8.190913E+00  1.113713E-12
 2.9335000E+02  9.910000E+37  8.189301E+00  1.103639E-12
 2.9340000E+02  9.910000E+37  8.188472E+00  1.089886E-12
 2.9345000E+02  9.910000E+37  8.187694E+00  1.060925E-12
 2.9350000E+02  9.910000E+37  8.184425E+00  1.057185E-12
 2.9355000E+02  9.910000E+37  8.184693E+00  1.033968E-12
 2.9360000E+02  9.910000E+37  8.183715E+00  1.017106E-12
 2.9365000E+02  9.910000E+37  8.182867E+00  1.017236E-12
 2.9370000E+02  9.910000E+37  8.181250E+00  1.005946E-12
 2.9375000E+02  9.910000E+37  8.180504E+00  9.889738E-13
 2.9380000E+02  9.910000E+37  8.180175E+00  9.856537E-13
 2.9385000E+02  9.910000E+37  8.177778E+00  9.840707E-13
 2.9390000E+02  9.910000E+37  8.177304E+00  9.782230E-13
 2.9395000E+02  9.910000E+37  8.175397E+00  9.774022E-13
 2.9400000E+02  9.910000E+37  8.175484E+00  9.586542E-13
 2.9405000E+02  9.910000E+37  8.174696E+00  9.568474E-13
 2.9410000E+02  9.910000E+37  8.173002E+00  9.561786E-13
 2.9415000E+02  9.910000E+37  8.173169E+00  9.511764E-13
 2.9420000E+02  9.910000E+37  8.171122E+00  9.568744E-13
 2.9425000E+02  9.910000E+37  8.169922E+00  9.574044E-13
 2.9430000E+02  9.910000E+37  8.168664E+00  9.580463E-13
 2.9435000E+02  9.910000E+37  8.169409E+00  9.560473E-13
 2.9440000E+02  9.910000E+37  8.167496E+00  9.675525E-13
 2.9445000E+02  9.910000E+37  8.166010E+00  9.709109E-13
 2.9450000E+02  9.910000E+37  8.164527E+00  9.654298E-13
 2.9455000E+02  9.910000E+37  8.162409E+00  9.596990E-13
 2.9460000E+02  9.910000E+37  8.162206E+00  9.650623E-13
 2.9465000E+02  9.910000E+37  8.161428E+00  9.732729E-13
 2.9470000E+02  9.910000E+37  8.160193E+00  9.740521E-13
 2.9475000E+02  9.910000E+37  8.158997E+00  9.845558E-13
 2.9480000E+02  9.910000E+37  8.157037E+00  9.744675E-13
 2.9485000E+02  9.910000E+37  8.156340E+00  9.855466E-13
 2.9490000E+02  9.910000E+37  8.155603E+00  9.812810E-13
 2.9495000E+02  9.910000E+37  8.154685E+00  9.836283E-13
 2.9500000E+02  9.910000E+37  8.152496E+00  9.800546E-13
 2.9505000E+02  9.910000E+37  8.152565E+00  9.819579E-13
 2.9510000E+02  9.910000E+37  8.151237E+00  9.882438E-13
 2.9515000E+02  9.910000E+37  8.150692E+00  9.890896E-13
 2.9520000E+02  9.910000E+37  8.150373E+00  9.883126E-13
 2.9525000E+02  9.910000E+37  8.149077E+00  9.963916E-13
 2.9530000E+02  9.910000E+37  8.148392E+00  1.002019E-12
 2.9535000E+02  9.910000E+37  8.147307E+00  9.919375E-13
 2.9540000E+02  9.910000E+37  8.145876E+00  9.940141E-13
 2.9545000E+02  9.910000E+37  8.143736E+00  1.000232E-12
 2.9550000E+02  9.910000E+37  8.144604E+00  1.006010E-12
 2.9555000E+02  9.910000E+37  8.142561E+00  1.014961E-12
 2.9560000E+02  9.910000E+37  8.141982E+00  1.027398E-12
 2.9565000E+02  9.910000E+37  8.140293E+00  1.029513E-12
 2.9570000E+02  9.910000E+37  8.140230E+00  1.022332E-12
 2.9575000E+02  9.910000E+37  8.138171E+00  1.026608E-12
 2.9580000E+02  9.910000E+37  8.137235E+00  1.029551E-12
 2.9585000E+02  9.910000E+37  8.135182E+00  1.033888E-12
 2.9590000E+02  9.910000E+37  8.134906E+00  1.040213E-12
 2.9595000E+02  9.910000E+37  8.134545E+00  1.049140E-12
 2.9600000E+02  9.910000E+37  8.134370E+00  1.055647E-12
 2.9605000E+02  9.910000E+37  8.132153E+00  1.068749E-12
 2.9610000E+02  9.910000E+37  8.132201E+00  1.054150E-12
 2.9615000E+02  9.910000E+37  8.130122E+00  1.066477E-12
 2.9620000E+02  9.910000E+37  8.129739E+00  1.076468E-12
 2.9625000E+02  9.910000E+37  8.128336E+00  1.080370E-12
 2.9630000E+02  9.910000E+37  8.127585E+00  1.081158E-12
 2.9635000E+02  9.910000E+37  8.125905E+00  1.089548E-12
 2.9640000E+02  9.910000E+37  8.124314E+00  1.092996E-12
 2.9645000E+02  9.910000E+37  8.123732E+00  1.083916E-12
 2.9650000E+02  9.910000E+37  8.122475E+00  1.089199E-12
 2.9655000E+02  9.910000E+37  8.121410E+00  1.097523E-12
 2.9660000E+02  9.910000E+37  8.120339E+00  1.107621E-12
 2.9665000E+02  9.910000E+37  8.117752E+00  1.091418E-12
 2.9670000E+02  9.910000E+37  8.116514E+00  1.110840E-12
 2.9675000E+02  9.910000E+37  8.116390E+00  1.110920E-12
 2.9680000E+02  9.910000E+37  8.114879E+00  1.106670E-12
 2.9685000E+02  9.910000E+37  8.114117E+00  1.114850E-12
 2.9690000E+02  9.910000E+37  8.112214E+00  1.114800E-12
 2.9695000E+02  9.910000E+37  8.112362E+00  1.123736E-12
 2.9700000E+02  9.910000E+37  8.110517E+00  1.113041E-12
 2.9705000E+02  9.910000E+37  8.111494E+00  1.119878E-12
 2.9710000E+02  9.910000E+37  8.110003E+00  1.122010E-12
 2.9715000E+02  9.910000E+37  8.108209E+00  1.115380E-12
 2.9720000E+02  9.910000E+37  8.106327E+00  1.121491E-12
 2.9725000E+02  9.910000E+37  8.107311E+00  1.122338E-12
 2.9730000E+02  9.910000E+37  8.106670E+00  1.119592E-12
 2.9735000E+02  9.910000E+37  8.104262E+00  1.125187E-12
 2.9740000E+02  9.910000E+37  8.102341E+00  1.125246E-12
 2.9745000E+02  9.910000E+37  8.101107E+00  1.117438E-12
 2.9750000E+02  9.910000E+37  8.101949E+00  1.125261E-12
 2.9755000E+02  9.910000E+37  8.100841E+00  1.122107E-12
 2.9760000E+02  9.910000E+37  8.098311E+00  1.126710E-12
 2.9765000E+02  9.910000E+37  8.095897E+00  1.121745E-12
 2.9770000E+02  9.910000E+37  8.095775E+00  1.116226E-12
 2.9775000E+02  9.910000E+37  8.095599E+00  1.117028E-12
 2.9780000E+02  9.910000E+37  8.094142E+00  1.120115E-12
 2.9785000E+02  9.910000E+37  8.093519E+00  1.109820E-12
 2.9790000E+02  9.910000E+37  8.092230E+00  1.113616E-12
 2.9795000E+02  9.910000E+37  8.093077E+00  1.119672E-12
 2.9800000E+02  9.910000E+37  8.088678E+00  1.113094E-12
 2.9805000E+02  9.910000E+37  8.089119E+00  1.117979E-12
 2.9810000E+02  9.910000E+37  8.087395E+00  1.112078E-12
 2.9815000E+02  9.910000E+37  8.085345E+00  1.111778E-12
 2.9820000E+02  9.910000E+37  8.084302E+00  1.110250E-12
 2.9825000E+02  9.910000E+37  8.083232E+00  1.108294E-12
 2.9830000E+02  9.910000E+37  8.080323E+00  1.100759E-12
 2.9835000E+02  9.910000E+37  8.081164E+00  1.106206E-12
 2.9840000E+02  9.910000E+37  8.079617E+00  1.097171E-12
 2.9845000E+02  9.910000E+37  8.079133E+00  1.099904E-12
 2.9850000E+02  9.910000E+37  8.079007E+00  1.101008E-12
 2.9855000E+02  9.910000E+37  8.076921E+00  1.105451E-12
 2.9860000E+02  9.910000E+37  8.076936E+00  1.092969E-12
 2.9865000E+02  9.910000E+37  8.073335E+00  1.091271E-12
 2.9870000E+02  9.910000E+37  8.073815E+00  1.088181E-12
 2.9875000E+02  9.910000E+37  8.072053E+00  1.085273E-12
 2.9880000E+02  9.910000E+37  8.071270E+00  1.093378E-12
 2.9885000E+02  9.910000E+37  8.071345E+00  1.094388E-12
 2.9890000E+02  9.910000E+37  8.068220E+00  1.099759E-12
 2.9895000E+02  9.910000E+37  8.067058E+00  1.093826E-12
 2.9900000E+02  9.910000E+37  8.066921E+00  1.084699E-12
 2.9905000E+02  9.910000E+37  8.067202E+00  1.090236E-12
 2.9910000E+02  9.910000E+37  8.065506E+00  1.090168E-12
 2.9915000E+02  9.910000E+37  8.063456E+00  1.081588E-12
 2.9920000E+02  9.910000E+37  8.063333E+00  1.094307E-12
 2.9925000E+02  9.910000E+37  8.061819E+00  1.089435E-12
 2.9930000E+02  9.910000E+37  8.060018E+00  1.085058E-12
 2.9935000E+02  9.910000E+37  8.061167E+00  1.096245E-12
 2.9940000E+02  9.910000E+37  8.057943E+00  1.086559E-12
 2.9945000E+02  9.910000E+37  8.056854E+00  1.088598E-12
 2.9950000E+02  9.910000E+37  8.056616E+00  1.092886E-12
 2.9955000E+02  9.910000E+37  8.053948E+00  1.087954E-12
 2.9960000E+02  9.910000E+37  8.053419E+00  1.097396E-12
 2.9965000E+02  9.910000E+37  8.051855E+00  1.088980E-12
 2.9970000E+02  9.910000E+37  8.050670E+00  1.103351E-12
 2.9975000E+02  9.910000E+37  8.050131E+00  1.104783E-12
 2.9980000E+02  9.910000E+37  8.050295E+00  1.097954E-12
 2.9985000E+02  9.910000E+37  8.048908E+00  1.097340E-12
 2.9990000E+02  9.910000E+37  8.048858E+00  1.105138E-12
 2.9995000E+02  9.910000E+37  8.045712E+00  1.106807E-12
 3.0000000E+02  9.910000E+37  8.045573E+00  1.107622E-12
 3.0005000E+02  9.910000E+37  8.044352E+00  1.106425E-12
 3.0010000E+02  9.910000E+37  8.042720E+00  1.111157E-12
 3.0015000E+02  9.910000E+37  8.041208E+00  1.113438E-12
 3.0020000E+02  9.910000E+37  8.041220E+00  1.107610E-12
 3.0025000E+02  9.910000E+37  8.040797E+00  1.117583E-12
 3.0030000E+02  9.910000E+37  8.039825E+00  1.108050E-12
 3.0035000E+02  9.910000E+37  8.039252E+00  1.111876E-12
 3.0040000E+02  9.910000E+37  8.036622E+00  1.119097E-12
 3.0045000E+02  9.910000E+37  8.035954E+00  1.111697E-12
 3.0050000E+02  9.910000E+37  8.033330E+00  1.107434E-12
 3.0055000E+02  9.910000E+37  8.034884E+00  1.119464E-12
 3.0060000E+02  9.910000E+37  8.031520E+00  1.116296E-12
 3.0065000E+02  9.910000E+37  8.031500E+00  1.134983E-12
 3.0070000E+02  9.910000E+37  8.032246E+00  1.125897E-12
 3.0075000E+02  9.910000E+37  8.030551E+00  1.125810E-12
 3.0080000E+02  9.910000E+37  8.029640E+00  1.120617E-12
 3.0085000E+02  9.910000E+37  8.028536E+00  1.116942E-12
 3.0090000E+02  9.910000E+37  8.026300E+00  1.126008E-12
 3.0095000E+02  9.910000E+37  8.025016E+00  1.134164E-12
 3.0100000E+02  9.910000E+37  8.025412E+00  1.128073E-12
 3.0105000E+02  9.910000E+37  8.024503E+00  1.131011E-12
 3.0110000E+02  9.910000E+37  8.022113E+00  1.129778E-12
 3.0115000E+02  9.910000E+37  8.021376E+00  1.121011E-12
 3.0120000E+02  9.910000E+37  8.021836E+00  1.127019E-12
 3.0125000E+02  9.910000E+37  8.020319E+00  1.125855E-12
 3.0130000E+02  9.910000E+37  8.018650E+00  1.125217E-12
 3.0135000E+02  9.910000E+37  8.017872E+00  1.128523E-12
 3.0140000E+02  9.910000E+37  8.016411E+00  1.124995E-12
 3.0145000E+02  9.910000E+37  8.015080E+00  1.140128E-12
 3.0150000E+02  9.910000E+37  8.013400E+00  1.140611E-12
 3.0155000E+02  9.910000E+37  8.012060E+00  1.133529E-12
 3.0160000E+02  9.910000E+37  8.012030E+00  1.138730E-12
 3.0165000E+02  9.910000E+37  8.010613E+00  1.133939E-12
 3.0170000E+02  9.910000E+37  8.009047E+00  1.137261E-12
 3.0175000E+02  9.910000E+37  8.008897E+00  1.141225E-12
 3.0180000E+02  9.910000E+37  8.008679E+00  1.134432E-12
 3.0185000E+02  9.910000E+37  8.005634E+00  1.140715E-12
 3.0190000E+02  9.910000E+37  8.006481E+00  1.139736E-12
 3.0195000E+02  9.910000E+37  8.005944E+00  1.141562E-12
 3.0200000E+02  9.910000E+37  8.002429E+00  1.142354E-12
 3.0205000E+02  9.910000E+37  8.002897E+00  1.153683E-12
 3.0210000E+02  9.910000E+37  8.001962E+00  1.146890E-12
 3.0215000E+02  9.910000E+37  7.999587E+00  1.144534E-12
 3.0220000E+02  9.910000E+37  8.000480E+00  1.151924E-12
 3.0225000E+02  9.910000E+37  7.998380E+00  1.150864E-12
 3.0230000E+02  9.910000E+37  7.997791E+00  1.157669E-12
 3.0235000E+02  9.910000E+37  7.996681E+00  1.160110E-12
 3.0240000E+02  9.910000E+37  7.996537E+00  1.150231E-12
 3.0245000E+02  9.910000E+37  7.993888E+00  1.163541E-12
 3.0250000E+02  9.910000E+37  7.992449E+00  1.163019E-12
 3.0255000E+02  9.910000E+37  7.992386E+00  1.164522E-12
 3.0260000E+02  9.910000E+37  7.991680E+00  1.169249E-12
 3.0265000E+02  9.910000E+37  7.990443E+00  1.169994E-12
 3.0270000E+02  9.910000E+37  7.990491E+00  1.178933E-12
 3.0275000E+02  9.910000E+37  7.988608E+00  1.181711E-12
 3.0280000E+02  9.910000E+37  7.986789E+00  1.190741E-12
 3.0285000E+02  9.910000E+37  7.986913E+00  1.180751E-12
 3.0290000E+02  9.910000E+37  7.984172E+00  1.189624E-12
 3.0295000E+02  9.910000E+37  7.984598E+00  1.185589E-12
 3.0300000E+02  9.910000E+37  7.985075E+00  1.183103E-12
 3.0305000E+02  9.910000E+37  7.982738E+00  1.181845E-12
 3.0310000E+02  9.910000E+37  7.980773E+00  1.185040E-12
 3.0315000E+02  9.910000E+37  7.980298E+00  1.180597E-12
 3.0320000E+02  9.910000E+37  7.978158E+00  1.177976E-12
 3.0325000E+02  9.910000E+37  7.977136E+00  1.183970E-12
 3.0330000E+02  9.910000E+37  7.976534E+00  1.186836E-12
 3.0335000E+02  9.910000E+37  7.976403E+00  1.186620E-12
 3.0340000E+02  9.910000E+37  7.975001E+00  1.184134E-12
 3.0345000E+02  9.910000E+37  7.974613E+00  1.188237E-12
 3.0350000E+02  9.910000E+37  7.973049E+00  1.181008E-12
 3.0355000E+02  9.910000E+37  7.970947E+00  1.171322E-12
 3.0360000E+02  9.910000E+37  7.970032E+00  1.172377E-12
 3.0365000E+02  9.910000E+37  7.970591E+00  1.170469E-12
 3.0370000E+02  9.910000E+37  7.967364E+00  1.171761E-12
 3.0375000E+02  9.910000E+37  7.967749E+00  1.177885E-12
 3.0380000E+02  9.910000E+37  7.966978E+00  1.162284E-12
 3.0385000E+02  9.910000E+37  7.966788E+00  1.166989E-12
 3.0390000E+02  9.910000E+37  7.965786E+00  1.161117E-12
 3.0395000E+02  9.910000E+37  7.962778E+00  1.163582E-12
 3.0400000E+02  9.910000E+37  7.962451E+00  1.158656E-12
 3.0405000E+02  9.910000E+37  7.961238E+00  1.146702E-12
 3.0410000E+02  9.910000E+37  7.961518E+00  1.148353E-12
 3.0415000E+02  9.910000E+37  7.958508E+00  1.141307E-12
 3.0420000E+02  9.910000E+37  7.959192E+00  1.138059E-12
 3.0425000E+02  9.910000E+37  7.956032E+00  1.135986E-12
 3.0430000E+02  9.910000E+37  7.956019E+00  1.136480E-12
 3.0435000E+02  9.910000E+37  7.956626E+00  1.122660E-12
 3.0440000E+02  9.910000E+37  7.954797E+00  1.143983E-12
 3.0445000E+02  9.910000E+37  7.953183E+00  1.132185E-12
 3.0450000E+02  9.910000E+37  7.954139E+00  1.137530E-12
 3.0455000E+02  9.910000E+37  7.953595E+00  1.127388E-12
 3.0460000E+02  9.910000E+37  7.950318E+00  1.117450E-12
 3.0465000E+02  9.910000E+37  7.949105E+00  1.114619E-12
 3.0470000E+02  9.910000E+37  7.948644E+00  1.119438E-12
 3.0475000E+02  9.910000E+37  7.947793E+00  1.107751E-12
 3.0480000E+02  9.910000E+37  7.946771E+00  1.114290E-12
 3.0485000E+02  9.910000E+37  7.944437E+00  1.107175E-12
 3.0490000E+02  9.910000E+37  7.945563E+00  1.109401E-12
 3.0495000E+02  9.910000E+37  7.944147E+00  1.100744E-12
 3.0500000E+02  9.910000E+37  7.942150E+00  1.104904E-12
 3.0505000E+02  9.910000E+37  7.942168E+00  1.107783E-12
 3.0510000E+02  9.910000E+37  7.939915E+00  1.102862E-12
 3.0515000E+02  9.910000E+37  7.939439E+00  1.103053E-12
 3.0520000E+02  9.910000E+37  7.938384E+00  1.092619E-12
 3.0525000E+02  9.910000E+37  7.937422E+00  1.104183E-12
 3.0530000E+02  9.910000E+37  7.937150E+00  1.094512E-12
 3.0535000E+02  9.910000E+37  7.935796E+00  1.098198E-12
 3.0540000E+02  9.910000E+37  7.932394E+00  1.093429E-12
 3.0545000E+02  9.910000E+37  7.933633E+00  1.095023E-12
 3.0550000E+02  9.910000E+37  7.931983E+00  1.095086E-12
 3.0555000E+02  9.910000E+37  7.929847E+00  1.097396E-12
 3.0560000E+02  9.910000E+37  7.930269E+00  1.092830E-12
 3.0565000E+02  9.910000E+37  7.927377E+00  1.090210E-12
 3.0570000E+02  9.910000E+37  7.928643E+00  1.095323E-12
 3.0575000E+02  9.910000E+37  7.927115E+00  1.093308E-12
 3.0580000E+02  9.910000E+37  7.925371E+00  1.097846E-12
 3.0585000E+02  9.910000E+37  7.924328E+00  1.094678E-12
 3.0590000E+02  9.910000E+37  7.923939E+00  1.102011E-12
 3.0595000E+02  9.910000E+37  7.923706E+00  1.103673E-12
 3.0600000E+02  9.910000E+37  7.921474E+00  1.098305E-12
 3.0605000E+02  9.910000E+37  7.920758E+00  1.105490E-12
 3.0610000E+02  9.910000E+37  7.920281E+00  1.098529E-12
 3.0615000E+02  9.910000E+37  7.918039E+00  1.102421E-12
 3.0620000E+02  9.910000E+37  7.918110E+00  1.099154E-12
 3.0625000E+02  9.910000E+37  7.915987E+00  1.108189E-12
 3.0630000E+02  9.910000E+37  7.914070E+00  1.118574E-12
 3.0635000E+02  9.910000E+37  7.915072E+00  1.111672E-12
 3.0640000E+02  9.910000E+37  7.912764E+00  1.114338E-12
 3.0645000E+02  9.910000E+37  7.911841E+00  1.109263E-12
 3.0650000E+02  9.910000E+37  7.910367E+00  1.118348E-12
 3.0655000E+02  9.910000E+37  7.911701E+00  1.115791E-12
 3.0660000E+02  9.910000E+37  7.909687E+00  1.117625E-12
 3.0665000E+02  9.910000E+37  7.907958E+00  1.118181E-12
 3.0670000E+02  9.910000E+37  7.907673E+00  1.124194E-12
 3.0675000E+02  9.910000E+37  7.906815E+00  1.115541E-12
 3.0680000E+02  9.910000E+37  7.907739E+00  1.130184E-12
 3.0685000E+02  9.910000E+37  7.904160E+00  1.118244E-12
 3.0690000E+02  9.910000E+37  7.904144E+00  1.116548E-12
 3.0695000E+02  9.910000E+37  7.904006E+00  1.127476E-12
 3.0700000E+02  9.910000E+37  7.901229E+00  1.111906E-12
 3.0705000E+02  9.910000E+37  7.900645E+00  1.108436E-12
 3.0710000E+02  9.910000E+37  7.900462E+00  1.116969E-12
 3.0715000E+02  9.910000E+37  7.898235E+00  1.110936E-12
 3.0720000E+02  9.910000E+37  7.896999E+00  1.113216E-12
 3.0725000E+02  9.910000E+37  7.896159E+00  1.109737E-12
 3.0730000E+02  9.910000E+37  7.895994E+00  1.103127E-12
 3.0735000E+02  9.910000E+37  7.894424E+00  1.109951E-12
 3.0740000E+02  9.910000E+37  7.894598E+00  1.098120E-12
 3.0745000E+02  9.910000E+37  7.893262E+00  1.103489E-12
 3.0750000E+02  9.910000E+37  7.891303E+00  1.097469E-12
 3.0755000E+02  9.910000E+37  7.891375E+00  1.100166E-12
 3.0760000E+02  9.910000E+37  7.890149E+00  1.089920E-12
 3.0765000E+02  9.910000E+37  7.890605E+00  1.093764E-12
 3.0770000E+02  9.910000E+37  7.888997E+00  1.090228E-12
 3.0775000E+02  9.910000E+37  7.888377E+00  1.091669E-12
 3.0780000E+02  9.910000E+37  7.886275E+00  1.081773E-12
 3.0785000E+02  9.910000E+37  7.887148E+00  1.077822E-12
 3.0790000E+02  9.910000E+37  7.885708E+00  1.067374E-12
 3.0795000E+02  9.910000E+37  7.884257E+00  1.064119E-12
 3.0800000E+02  9.910000E+37  7.883060E+00  1.068790E-12
 3.0805000E+02  9.910000E+37  7.883395E+00  1.064344E-12
 3.0810000E+02  9.910000E+37  7.881001E+00  1.059713E-12
 3.0815000E+02  9.910000E+37  7.878943E+00  1.051271E-12
 3.0820000E+02  9.910000E+37  7.878699E+00  1.043507E-12
 3.0825000E+02  9.910000E+37  7.877825E+00  1.051156E-12
 3.0830000E+02  9.910000E+37  7.877840E+00  1.044534E-12
 3.0835000E+02  9.910000E+37  7.875617E+00  1.043404E-12
 3.0840000E+02  9.910000E+37  7.873172E+00  1.031276E-12
 3.0845000E+02  9.910000E+37  7.873223E+00  1.030192E-12
 3.0850000E+02  9.910000E+37  7.872901E+00  1.028109E-12
 3.0855000E+02  9.910000E+37  7.873732E+00  1.032462E-12
 3.0860000E+02  9.910000E+37  7.870494E+00  1.022046E-12
 3.0865000E+02  9.910000E+37  7.870315E+00  1.020088E-12
 3.0870000E+02  9.910000E+37  7.869802E+00  1.003389E-12
 3.0875000E+02  9.910000E+37  7.868219E+00  9.947502E-13
 3.0880000E+02  9.910000E+37  7.867213E+00  9.992819E-13
 3.0885000E+02  9.910000E+37  7.865919E+00  9.952826E-13
 3.0890000E+02  9.910000E+37  7.865738E+00  9.934217E-13
 3.0895000E+02  9.910000E+37  7.865554E+00  9.852941E-13
 3.0900000E+02  9.910000E+37  7.863017E+00  9.728767E-13
 3.0905000E+02  9.910000E+37  7.863082E+00  9.646373E-13
 3.0910000E+02  9.910000E+37  7.860738E+00  9.748438E-13
 3.0915000E+02  9.910000E+37  7.859884E+00  9.576041E-13
 3.0920000E+02  9.910000E+37  7.858283E+00  9.604168E-13
 3.0925000E+02  9.910000E+37  7.857583E+00  9.535590E-13
 3.0930000E+02  9.910000E+37  7.856333E+00  9.526890E-13
 3.0935000E+02  9.910000E+37  7.855578E+00  9.339381E-13
 3.0940000E+02  9.910000E+37  7.854934E+00  9.284010E-13
 3.0945000E+02  9.910000E+37  7.852569E+00  9.259284E-13
 3.0950000E+02  9.910000E+37  7.852813E+00  9.255463E-13
 3.0955000E+02  9.910000E+37  7.852278E+00  9.267874E-13
 3.0960000E+02  9.910000E+37  7.851771E+00  9.120839E-13
 3.0965000E+02  9.910000E+37  7.848815E+00  8.994294E-13
 3.0970000E+02  9.910000E+37  7.847724E+00  9.001599E-13
 3.0975000E+02  9.910000E+37  7.847408E+00  8.935813E-13
 3.0980000E+02  9.910000E+37  7.845783E+00  8.922317E-13
 3.0985000E+02  9.910000E+37  7.843595E+00  8.865026E-13
 3.0990000E+02  9.910000E+37  7.844721E+00  8.824089E-13
 3.0995000E+02  9.910000E+37  7.843526E+00  8.799197E-13
 3.1000000E+02  9.910000E+37  7.840067E+00  8.717104E-13
 3.1005000E+02  9.910000E+37  7.840780E+00  8.641285E-13
 3.1010000E+02  9.910000E+37  7.838769E+00  8.585379E-13
 3.1015000E+02  9.910000E+37  7.838475E+00  8.477049E-13
 3.1020000E+02  9.910000E+37  7.836222E+00  8.475769E-13
 3.1025000E+02  9.910000E+37  7.836607E+00  8.282200E-13
 3.1030000E+02  9.910000E+37  7.835995E+00  8.419522E-13
 3.1035000E+02  9.910000E+37  7.835803E+00  8.306673E-13
 3.1040000E+02  9.910000E+37  7.834913E+00  8.091530E-13
 3.1045000E+02  9.910000E+37  7.834529E+00  8.199327E-13
 3.1050000E+02  9.910000E+37  7.833736E+00  8.207309E-13
 3.1055000E+02  9.910000E+37  7.833151E+00  8.129525E-13
 3.1060000E+02  9.910000E+37  7.830733E+00  8.052064E-13
 3.1065000E+02  9.910000E+37  7.828329E+00  7.859295E-13
 3.1070000E+02  9.910000E+37  7.827789E+00  7.872835E-13
 3.1075000E+02  9.910000E+37  7.826360E+00  7.798659E-13
 3.1080000E+02  9.910000E+37  7.827493E+00  7.822166E-13
 3.1085000E+02  9.910000E+37  7.824927E+00  7.675888E-13
 3.1090000E+02  9.910000E+37  7.825710E+00  7.629711E-13
 3.1095000E+02  9.910000E+37  7.823706E+00  7.601988E-13
 3.1100000E+02  9.910000E+37  7.821217E+00  7.552048E-13
 3.1105000E+02  9.910000E+37  7.820738E+00  7.540983E-13
 3.1110000E+02  9.910000E+37  7.820793E+00  7.423918E-13
 3.1115000E+02  9.910000E+37  7.820115E+00  7.388286E-13
 3.1120000E+02  9.910000E+37  7.819421E+00  7.350190E-13
 3.1125000E+02  9.910000E+37  7.816845E+00  7.267762E-13
 3.1130000E+02  9.910000E+37  7.816203E+00  7.216169E-13
 3.1135000E+02  9.910000E+37  7.815866E+00  7.103777E-13
 3.1140000E+02  9.910000E+37  7.812745E+00  7.083069E-13
 3.1145000E+02  9.910000E+37  7.813096E+00  7.164910E-13
 3.1150000E+02  9.910000E+37  7.810270E+00  6.915553E-13
 3.1155000E+02  9.910000E+37  7.811951E+00  6.971025E-13
 3.1160000E+02  9.910000E+37  7.810477E+00  6.787530E-13
 3.1165000E+02  9.910000E+37  7.807988E+00  6.890683E-13
 3.1170000E+02  9.910000E+37  7.807578E+00  6.731326E-13
 3.1175000E+02  9.910000E+37  7.807924E+00  6.665051E-13
 3.1180000E+02  9.910000E+37  7.807345E+00  6.623003E-13
 3.1185000E+02  9.910000E+37  7.805402E+00  6.638833E-13
 3.1190000E+02  9.910000E+37  7.805150E+00  6.611486E-13
 3.1195000E+02  9.910000E+37  7.803906E+00  6.565147E-13
 3.1200000E+02  9.910000E+37  7.802926E+00  6.507000E-13
 3.1205000E+02  9.910000E+37  7.802073E+00  6.478860E-13
 3.1210000E+02  9.910000E+37  7.800784E+00  6.481634E-13
 3.1215000E+02  9.910000E+37  7.797379E+00  6.422648E-13
 3.1220000E+02  9.910000E+37  7.797728E+00  6.270234E-13
 3.1225000E+02  9.910000E+37  7.797638E+00  6.246084E-13
 3.1230000E+02  9.910000E+37  7.797744E+00  6.175169E-13
 3.1235000E+02  9.910000E+37  7.795097E+00  6.193350E-13
 3.1240000E+02  9.910000E+37  7.793949E+00  6.208534E-13
 3.1245000E+02  9.910000E+37  7.794299E+00  6.109877E-13
 3.1250000E+02  9.910000E+37  7.792458E+00  6.114353E-13
 3.1255000E+02  9.910000E+37  7.791324E+00  6.088672E-13
 3.1260000E+02  9.910000E+37  7.790933E+00  5.961446E-13
 3.1265000E+02  9.910000E+37  7.789280E+00  5.992629E-13
 3.1270000E+02  9.910000E+37  7.787413E+00  5.996804E-13
 3.1275000E+02  9.910000E+37  7.787421E+00  5.989491E-13
 3.1280000E+02  9.910000E+37  7.787939E+00  5.955745E-13
 3.1285000E+02  9.910000E+37  7.784899E+00  5.842899E-13
 3.1290000E+02  9.910000E+37  7.785869E+00  5.888195E-13
 3.1295000E+02  9.910000E+37  7.784804E+00  5.858524E-13
 3.1300000E+02  9.910000E+37  7.783533E+00  5.784968E-13
 3.1305000E+02  9.910000E+37  7.784049E+00  5.825565E-13
 3.1310000E+02  9.910000E+37  7.781352E+00  5.788425E-13
 3.1315000E+02  9.910000E+37  7.780658E+00  5.793631E-13
 3.1320000E+02  9.910000E+37  7.779429E+00  5.630506E-13
 3.1325000E+02  9.910000E+37  7.778466E+00  5.620895E-13
 3.1330000E+02  9.910000E+37  7.775941E+00  5.657581E-13
 3.1335000E+02  9.910000E+37  7.776137E+00  5.730401E-13
 3.1340000E+02  9.910000E+37  7.776685E+00  5.703301E-13
 3.1345000E+02  9.910000E+37  7.776744E+00  5.701879E-13
 3.1350000E+02  9.910000E+37  7.775433E+00  5.613518E-13
 3.1355000E+02  9.910000E+37  7.774423E+00  5.519558E-13
 3.1360000E+02  9.910000E+37  7.772347E+00  5.576752E-13
 3.1365000E+02  9.910000E+37  7.771760E+00  5.515311E-13
 3.1370000E+02  9.910000E+37  7.767970E+00  5.527745E-13
 3.1375000E+02  9.910000E+37  7.768596E+00  5.562182E-13
 3.1380000E+02  9.910000E+37  7.767801E+00  5.541769E-13
 3.1385000E+02  9.910000E+37  7.766099E+00  5.488075E-13
 3.1390000E+02  9.910000E+37  7.764865E+00  5.442275E-13
 3.1395000E+02  9.910000E+37  7.763784E+00  5.489573E-13
 3.1400000E+02  9.910000E+37  7.762335E+00  5.551913E-13
 3.1405000E+02  9.910000E+37  7.761809E+00  5.512415E-13
 3.1410000E+02  9.910000E+37  7.762305E+00  5.470120E-13
 3.1415000E+02  9.910000E+37  7.762350E+00  5.461934E-13
 3.1420000E+02  9.910000E+37  7.760571E+00  5.465988E-13
 3.1425000E+02  9.910000E+37  7.759386E+00  5.454648E-13
 3.1430000E+02  9.910000E+37  7.757348E+00  5.352711E-13
 3.1435000E+02  9.910000E+37  7.757368E+00  5.309397E-13
 3.1440000E+02  9.910000E+37  7.755962E+00  5.377135E-13
 3.1445000E+02  9.910000E+37  7.756532E+00  5.366246E-13
 3.1450000E+02  9.910000E+37  7.754687E+00  5.427382E-13
 3.1455000E+02  9.910000E+37  7.754961E+00  5.413376E-13
 3.1460000E+02  9.910000E+37  7.752358E+00  5.360454E-13
 3.1465000E+02  9.910000E+37  7.752472E+00  5.401075E-13
 3.1470000E+02  9.910000E+37  7.750195E+00  5.361709E-13
 3.1475000E+02  9.910000E+37  7.749827E+00  5.268111E-13
 3.1480000E+02  9.910000E+37  7.748075E+00  5.356631E-13
 3.1485000E+02  9.910000E+37  7.747633E+00  5.269266E-13
 3.1490000E+02  9.910000E+37  7.746604E+00  5.319976E-13
 3.1495000E+02  9.910000E+37  7.746508E+00  5.284588E-13
 3.1500000E+02  9.910000E+37  7.744406E+00  5.320941E-13
 3.1505000E+02  9.910000E+37  7.745001E+00  5.156258E-13
 3.1510000E+02  9.910000E+37  7.743607E+00  5.271193E-13
 3.1515000E+02  9.910000E+37  7.743661E+00  5.311715E-13
 3.1520000E+02  9.910000E+37  7.742708E+00  5.257087E-13
 3.1525000E+02  9.910000E+37  7.742352E+00  5.262718E-13
 3.1530000E+02  9.910000E+37  7.741120E+00  5.225703E-13
 3.1535000E+02  9.910000E+37  7.738668E+00  5.182993E-13
 3.1540000E+02  9.910000E+37  7.738106E+00  5.271672E-13
 3.1545000E+02  9.910000E+37  7.737932E+00  5.243259E-13
 3.1550000E+02  9.910000E+37  7.736464E+00  5.238393E-13
 3.1555000E+02  9.910000E+37  7.734946E+00  5.250672E-13
 3.1560000E+02  9.910000E+37  7.733282E+00  5.195709E-13
 3.1565000E+02  9.910000E+37  7.732358E+00  5.121440E-13
 3.1570000E+02  9.910000E+37  7.732534E+00  5.134252E-13
 3.1575000E+02  9.910000E+37  7.729474E+00  5.196528E-13
 3.1580000E+02  9.910000E+37  7.728354E+00  5.150029E-13
 3.1585000E+02  9.910000E+37  7.728388E+00  5.151800E-13
 3.1590000E+02  9.910000E+37  7.727043E+00  5.261801E-13
 3.1595000E+02  9.910000E+37  7.725390E+00  5.234353E-13
 3.1600000E+02  9.910000E+37  7.725115E+00  5.219305E-13
 3.1605000E+02  9.910000E+37  7.724772E+00  5.168799E-13
 3.1610000E+02  9.910000E+37  7.723228E+00  5.222161E-13
 3.1615000E+02  9.910000E+37  7.722285E+00  5.219994E-13
 3.1620000E+02  9.910000E+37  7.721343E+00  5.169533E-13
 3.1625000E+02  9.910000E+37  7.721686E+00  5.242721E-13
 3.1630000E+02  9.910000E+37  7.720406E+00  5.134397E-13
 3.1635000E+02  9.910000E+37  7.718864E+00  5.138846E-13
 3.1640000E+02  9.910000E+37  7.717382E+00  5.200966E-13
 3.1645000E+02  9.910000E+37  7.717782E+00  5.132006E-13
 3.1650000E+02  9.910000E+37  7.716197E+00  5.129295E-13
 3.1655000E+02  9.910000E+37  7.717349E+00  5.105255E-13
 3.1660000E+02  9.910000E+37  7.715651E+00  5.114659E-13
 3.1665000E+02  9.910000E+37  7.714023E+00  5.197118E-13
 3.1670000E+02  9.910000E+37  7.712489E+00  5.083886E-13
 3.1675000E+02  9.910000E+37  7.710104E+00  5.192734E-13
 3.1680000E+02  9.910000E+37  7.709708E+00  5.259754E-13
 3.1685000E+02  9.910000E+37  7.709275E+00  5.113562E-13
 3.1690000E+02  9.910000E+37  7.706598E+00  5.138660E-13
 3.1695000E+02  9.910000E+37  7.707796E+00  5.202527E-13
 3.1700000E+02  9.910000E+37  7.706200E+00  5.196083E-13
 3.1705000E+02  9.910000E+37  7.706166E+00  5.134353E-13
 3.1710000E+02  9.910000E+37  7.705009E+00  5.179162E-13
 3.1715000E+02  9.910000E+37  7.704228E+00  5.153571E-13
 3.1720000E+02  9.910000E+37  7.701876E+00  5.175025E-13
 3.1725000E+02  9.910000E+37  7.701370E+00  5.240805E-13
 3.1730000E+02  9.910000E+37  7.699465E+00  5.115163E-13
 3.1735000E+02  9.910000E+37  7.699523E+00  5.242367E-13
 3.1740000E+02  9.910000E+37  7.698023E+00  5.236528E-13
 3.1745000E+02  9.910000E+37  7.696918E+00  5.201996E-13
 3.1750000E+02  9.910000E+37  7.697340E+00  5.173078E-13
 3.1755000E+02  9.910000E+37  7.694032E+00  5.271570E-13
 3.1760000E+02  9.910000E+37  7.694810E+00  5.192852E-13
 3.1765000E+02  9.910000E+37  7.694519E+00  5.209765E-13
 3.1770000E+02  9.910000E+37  7.692402E+00  5.316482E-13
 3.1775000E+02  9.910000E+37  7.692943E+00  5.225532E-13
 3.1780000E+02  9.910000E+37  7.692498E+00  5.288531E-13
 3.1785000E+02  9.910000E+37  7.692452E+00  5.286617E-13
 3.1790000E+02  9.910000E+37  7.690594E+00  5.285667E-13
 3.1795000E+02  9.910000E+37  7.690404E+00  5.274586E-13
 3.1800000E+02  9.910000E+37  7.688097E+00  5.192349E-13
 3.1805000E+02  9.910000E+37  7.687433E+00  5.257232E-13
 3.1810000E+02  9.910000E+37  7.685722E+00  5.277900E-13
 3.1815000E+02  9.910000E+37  7.686173E+00  5.322286E-13
 3.1820000E+02  9.910000E+37  7.685315E+00  5.331466E-13
 3.1825000E+02  9.910000E+37  7.683821E+00  5.274267E-13
 3.1830000E+02  9.910000E+37  7.683075E+00  5.397450E-13
 3.1835000E+02  9.910000E+37  7.679948E+00  5.340156E-13
 3.1840000E+02  9.910000E+37  7.679312E+00  5.257264E-13
 3.1845000E+02  9.910000E+37  7.680117E+00  5.362987E-13
 3.1850000E+02  9.910000E+37  7.678520E+00  5.323111E-13
 3.1855000E+02  9.910000E+37  7.676441E+00  5.322942E-13
 3.1860000E+02  9.910000E+37  7.676708E+00  5.334998E-13
 3.1865000E+02  9.910000E+37  7.675925E+00  5.401165E-13
 3.1870000E+02  9.910000E+37  7.674703E+00  5.470608E-13
 3.1875000E+02  9.910000E+37  7.674113E+00  5.396914E-13
 3.1880000E+02  9.910000E+37  7.673367E+00  5.406629E-13
 3.1885000E+02  9.910000E+37  7.671803E+00  5.452853E-13
 3.1890000E+02  9.910000E+37  7.671047E+00  5.400354E-13
 3.1895000E+02  9.910000E+37  7.669105E+00  5.497628E-13
 3.1900000E+02  9.910000E+37  7.668689E+00  5.435551E-13
 3.1905000E+02  9.910000E+37  7.667827E+00  5.507428E-13
 3.1910000E+02  9.910000E+37  7.665692E+00  5.402794E-13
 3.1915000E+02  9.910000E+37  7.665379E+00  5.463383E-13
 3.1920000E+02  9.910000E+37  7.664704E+00  5.538879E-13
 3.1925000E+02  9.910000E+37  7.664074E+00  5.454927E-13
 3.1930000E+02  9.910000E+37  7.663047E+00  5.540563E-13
 3.1935000E+02  9.910000E+37  7.660881E+00  5.559923E-13
 3.1940000E+02  9.910000E+37  7.660774E+00  5.580236E-13
 3.1945000E+02  9.910000E+37  7.660775E+00  5.565482E-13
 3.1950000E+02  9.910000E+37  7.658667E+00  5.559677E-13
 3.1955000E+02  9.910000E+37  7.657771E+00  5.611676E-13
 3.1960000E+02  9.910000E+37  7.656410E+00  5.632649E-13
 3.1965000E+02  9.910000E+37  7.656587E+00  5.632416E-13
 3.1970000E+02  9.910000E+37  7.654705E+00  5.643363E-13
 3.1975000E+02  9.910000E+37  7.653220E+00  5.659982E-13
 3.1980000E+02  9.910000E+37  7.653769E+00  5.684061E-13
 3.1985000E+02  9.910000E+37  7.652599E+00  5.702393E-13
 3.1990000E+02  9.910000E+37  7.651588E+00  5.672741E-13
 3.1995000E+02  9.910000E+37  7.650407E+00  5.717558E-13
 3.2000000E+02  9.910000E+37  7.650345E+00  5.670811E-13

