
 4.4000000E+02  9.910000E+37  1.494246E+01  2.372492E-12
 4.4025000E+02  9.910000E+37  1.493983E+01  2.372335E-12
 4.4050000E+02  9.910000E+37  1.493648E+01  2.375589E-12
 4.4075000E+02  9.910000E+37  1.493372E+01  2.374282E-12
 4.4100000E+02  9.910000E+37  1.493198E+01  2.373068E-12
 4.4125000E+02  9.910000E+37  1.492884E+01  2.375261E-12
 4.4150000E+02  9.910000E+37  1.492285E+01  2.364880E-12
 4.4175000E+02  9.910000E+37  1.491951E+01  2.356329E-12
 4.4200000E+02  9.910000E+37  1.491718E+01  2.372081E-12
 4.4225000E+02  9.910000E+37  1.491208E+01  2.385395E-12
 4.4250000E+02  9.910000E+37  1.490839E+01  2.386488E-12
 4.4275000E+02  9.910000E+37  1.490469E+01  2.384789E-12
 4.4300000E+02  9.910000E+37  1.490132E+01  2.389538E-12
 4.4325000E+02  9.910000E+37  1.489879E+01  2.384515E-12
 4.4350000E+02  9.910000E+37  1.489446E+01  2.398953E-12
 4.4375000E+02  9.910000E+37  1.489118E+01  2.378414E-12
 4.4400000E+02  9.910000E+37  1.488619E+01  2.382804E-12
 4.4425000E+02  9.910000E+37  1.488397E+01  2.373652E-12
 4.4450000E+02  9.910000E+37  1.488293E+01  2.367840E-12
 4.4475000E+02  9.910000E+37  1.487909E+01  2.365884E-12
 4.4500000E+02  9.910000E+37  1.487226E+01  2.367058E-12
 4.4525000E+02  9.910000E+37  1.487127E+01  2.396821E-12
 4.4550000E+02  9.910000E+37  1.486681E+01  2.363151E-12
 4.4575000E+02  9.910000E+37  1.486258E+01  2.361712E-12
 4.4600000E+02  9.910000E+37  1.485926E+01  2.350861E-12
 4.4625000E+02  9.910000E+37  1.485670E+01  2.352980E-12
 4.4650000E+02  9.910000E+37  1.485187E+01  2.347774E-12
 4.4675000E+02  9.910000E+37  1.485088E+01  2.378091E-12
 4.4700000E+02  9.910000E+37  1.484810E+01  2.355354E-12
 4.4725000E+02  9.910000E+37  1.484455E+01  2.355294E-12
 4.4750000E+02  9.910000E+37  1.483921E+01  2.353523E-12
 4.4775000E+02  9.910000E+37  1.483728E+01  2.337706E-12
 4.4800000E+02  9.910000E+37  1.483366E+01  2.329217E-12
 4.4825000E+02  9.910000E+37  1.483065E+01  2.335524E-12
 4.4850000E+02  9.910000E+37  1.482492E+01  2.311848E-12
 4.4875000E+02  9.910000E+37  1.482025E+01  2.332120E-12
 4.4900000E+02  9.910000E+37  1.481887E+01  2.312729E-12
 4.4925000E+02  9.910000E+37  1.481386E+01  2.301626E-12
 4.4950000E+02  9.910000E+37  1.481089E+01  2.316697E-12
 4.4975000E+02  9.910000E+37  1.480726E+01  2.285089E-12
 4.5000000E+02  9.910000E+37  1.480529E+01  2.274563E-12
 4.5025000E+02  9.910000E+37  1.480111E+01  2.281884E-12
 4.5050000E+02  9.910000E+37  1.479803E+01  2.256793E-12
 4.5075000E+02  9.910000E+37  1.479563E+01  2.252007E-12
 4.5100000E+02  9.910000E+37  1.479008E+01  2.237632E-12
 4.5125000E+02  9.910000E+37  1.478633E+01  2.218006E-12
 4.5150000E+02  9.910000E+37  1.478361E+01  2.206485E-12
 4.5175000E+02  9.910000E+37  1.477935E+01  2.186174E-12
 4.5200000E+02  9.910000E+37  1.477648E+01  2.153569E-12
 4.5225000E+02  9.910000E+37  1.477313E+01  2.109927E-12
 4.5250000E+02  9.910000E+37  1.476890E+01  2.068868E-12
 4.5275000E+02  9.910000E+37  1.476526E+01  1.964072E-12
 4.5300000E+02  9.910000E+37  1.476154E+01  1.813475E-12
 4.5325000E+02  9.910000E+37  1.475924E+01  1.358398E-12
 4.5350000E+02  9.910000E+37  1.475575E+01  8.315822E-13
 4.5375000E+02  9.910000E+37  1.475317E+01  4.867917E-13
 4.5400000E+02  9.910000E+37  1.475086E+01  2.823209E-13
 4.5425000E+02  9.910000E+37  1.474648E+01  1.409076E-13
 4.5450000E+02  9.910000E+37  1.474141E+01  6.724351E-14
 4.5475000E+02  9.910000E+37  1.473774E+01  6.875827E-14
 4.5500000E+02  9.910000E+37  1.473616E+01  5.959690E-14
 4.5525000E+02  9.910000E+37  1.473288E+01  6.916550E-14
 4.5550000E+02  9.910000E+37  1.473016E+01  5.508541E-14
 4.5575000E+02  9.910000E+37  1.472555E+01  2.674667E-14
 4.5600000E+02  9.910000E+37  1.472248E+01  6.243020E-14
 4.5625000E+02  9.910000E+37  1.471917E+01  3.504864E-14
 4.5650000E+02  9.910000E+37  1.471526E+01  2.026237E-14
 4.5675000E+02  9.910000E+37  1.471210E+01  2.524567E-14
 4.5700000E+02  9.910000E+37  1.470794E+01  2.133730E-14
 4.5725000E+02  9.910000E+37  1.470415E+01  2.936302E-14
 4.5750000E+02  9.910000E+37  1.469793E+01  2.173320E-14
 4.5775000E+02  9.910000E+37  1.469788E+01  4.059234E-14
 4.5800000E+02  9.910000E+37  1.469480E+01  3.459590E-14
 4.5825000E+02  9.910000E+37  1.468960E+01  3.369871E-14
 4.5850000E+02  9.910000E+37  1.468779E+01  6.991245E-14
 4.5875000E+02  9.910000E+37  1.468350E+01  5.933692E-14
 4.5900000E+02  9.910000E+37  1.468001E+01  7.410995E-14
 4.5925000E+02  9.910000E+37  1.467744E+01  3.060369E-14
 4.5950000E+02  9.910000E+37  1.467359E+01  4.832012E-14
 4.5975000E+02  9.910000E+37  1.467031E+01  3.879515E-14
 4.6000000E+02  9.910000E+37  1.466853E+01  3.166079E-14

