
 2.8000000E+02  9.910000E+37  1.313910E+01  1.548540E-13
 2.8005000E+02  9.910000E+37  1.313645E+01  1.428896E-13
 2.8010000E+02  9.910000E+37  1.313576E+01  1.478881E-13
 2.8015000E+02  9.910000E+37  1.313189E+01  1.510530E-13
 2.8020000E+02  9.910000E+37  1.312871E+01  1.510187E-13
 2.8025000E+02  9.910000E+37  1.312678E+01  1.478703E-13
 2.8030000E+02  9.910000E+37  1.312589E+01  1.439783E-13
 2.8035000E+02  9.910000E+37  1.312386E+01  1.502742E-13
 2.8040000E+02  9.910000E+37  1.311909E+01  1.517961E-13
 2.8045000E+02  9.910000E+37  1.311681E+01  1.468147E-13
 2.8050000E+02  9.910000E+37  1.311382E+01  1.423281E-13
 2.8055000E+02  9.910000E+37  1.311191E+01  1.442083E-13
 2.8060000E+02  9.910000E+37  1.310827E+01  1.542292E-13
 2.8065000E+02  9.910000E+37  1.310660E+01  1.456981E-13
 2.8070000E+02  9.910000E+37  1.310435E+01  1.461916E-13
 2.8075000E+02  9.910000E+37  1.310261E+01  1.473863E-13
 2.8080000E+02  9.910000E+37  1.310047E+01  1.437677E-13
 2.8085000E+02  9.910000E+37  1.309661E+01  1.466520E-13
 2.8090000E+02  9.910000E+37  1.309525E+01  1.445388E-13
 2.8095000E+02  9.910000E+37  1.309170E+01  1.603654E-13
 2.8100000E+02  9.910000E+37  1.309178E+01  1.560843E-13
 2.8105000E+02  9.910000E+37  1.308824E+01  1.469224E-13
 2.8110000E+02  9.910000E+37  1.308483E+01  1.505038E-13
 2.8115000E+02  9.910000E+37  1.308211E+01  1.448719E-13
 2.8120000E+02  9.910000E+37  1.308171E+01  1.541079E-13
 2.8125000E+02  9.910000E+37  1.307752E+01  1.603751E-13
 2.8130000E+02  9.910000E+37  1.307538E+01  1.557230E-13
 2.8135000E+02  9.910000E+37  1.307358E+01  1.479667E-13
 2.8140000E+02  9.910000E+37  1.307149E+01  1.528644E-13
 2.8145000E+02  9.910000E+37  1.306626E+01  1.438533E-13
 2.8150000E+02  9.910000E+37  1.306755E+01  1.446407E-13
 2.8155000E+02  9.910000E+37  1.306547E+01  1.538538E-13
 2.8160000E+02  9.910000E+37  1.306168E+01  1.444675E-13
 2.8165000E+02  9.910000E+37  1.305969E+01  1.543046E-13
 2.8170000E+02  9.910000E+37  1.305977E+01  1.539117E-13
 2.8175000E+02  9.910000E+37  1.305715E+01  1.453004E-13
 2.8180000E+02  9.910000E+37  1.305433E+01  1.438052E-13
 2.8185000E+02  9.910000E+37  1.305111E+01  1.488629E-13
 2.8190000E+02  9.910000E+37  1.304785E+01  1.454394E-13
 2.8195000E+02  9.910000E+37  1.304640E+01  1.586274E-13
 2.8200000E+02  9.910000E+37  1.304428E+01  1.424026E-13
 2.8205000E+02  9.910000E+37  1.304353E+01  1.511064E-13
 2.8210000E+02  9.910000E+37  1.304001E+01  1.446489E-13
 2.8215000E+02  9.910000E+37  1.303411E+01  1.412756E-13
 2.8220000E+02  9.910000E+37  1.303302E+01  1.540405E-13
 2.8225000E+02  9.910000E+37  1.303207E+01  1.468047E-13
 2.8230000E+02  9.910000E+37  1.302933E+01  1.350033E-13
 2.8235000E+02  9.910000E+37  1.302521E+01  1.418061E-13
 2.8240000E+02  9.910000E+37  1.302263E+01  1.467363E-13
 2.8245000E+02  9.910000E+37  1.302094E+01  1.607585E-13
 2.8250000E+02  9.910000E+37  1.301783E+01  1.486214E-13
 2.8255000E+02  9.910000E+37  1.301781E+01  1.520672E-13
 2.8260000E+02  9.910000E+37  1.301685E+01  1.499985E-13
 2.8265000E+02  9.910000E+37  1.301489E+01  1.607315E-13
 2.8270000E+02  9.910000E+37  1.301215E+01  1.496015E-13
 2.8275000E+02  9.910000E+37  1.300936E+01  1.564376E-13
 2.8280000E+02  9.910000E+37  1.300652E+01  1.526756E-13
 2.8285000E+02  9.910000E+37  1.300431E+01  1.446154E-13
 2.8290000E+02  9.910000E+37  1.300150E+01  1.474337E-13
 2.8295000E+02  9.910000E+37  1.299998E+01  1.457112E-13
 2.8300000E+02  9.910000E+37  1.299867E+01  1.571311E-13
 2.8305000E+02  9.910000E+37  1.299588E+01  1.432412E-13
 2.8310000E+02  9.910000E+37  1.299432E+01  1.467252E-13
 2.8315000E+02  9.910000E+37  1.299046E+01  1.476865E-13
 2.8320000E+02  9.910000E+37  1.298988E+01  1.495654E-13
 2.8325000E+02  9.910000E+37  1.298831E+01  1.552100E-13
 2.8330000E+02  9.910000E+37  1.298405E+01  1.541491E-13
 2.8335000E+02  9.910000E+37  1.298368E+01  1.645223E-13
 2.8340000E+02  9.910000E+37  1.298090E+01  1.646750E-13
 2.8345000E+02  9.910000E+37  1.297782E+01  1.545898E-13
 2.8350000E+02  9.910000E+37  1.297798E+01  1.636417E-13
 2.8355000E+02  9.910000E+37  1.297400E+01  1.571632E-13
 2.8360000E+02  9.910000E+37  1.297167E+01  1.598226E-13
 2.8365000E+02  9.910000E+37  1.296907E+01  1.700734E-13
 2.8370000E+02  9.910000E+37  1.296673E+01  1.669957E-13
 2.8375000E+02  9.910000E+37  1.296432E+01  1.795052E-13
 2.8380000E+02  9.910000E+37  1.296217E+01  1.772586E-13
 2.8385000E+02  9.910000E+37  1.296101E+01  1.834061E-13
 2.8390000E+02  9.910000E+37  1.295752E+01  2.024582E-13
 2.8395000E+02  9.910000E+37  1.295454E+01  2.198767E-13
 2.8400000E+02  9.910000E+37  1.295393E+01  2.313374E-13
 2.8405000E+02  9.910000E+37  1.295163E+01  2.450986E-13
 2.8410000E+02  9.910000E+37  1.294748E+01  2.937622E-13
 2.8415000E+02  9.910000E+37  1.294702E+01  3.435081E-13
 2.8420000E+02  9.910000E+37  1.294444E+01  4.055416E-13
 2.8425000E+02  9.910000E+37  1.294196E+01  4.821148E-13
 2.8430000E+02  9.910000E+37  1.294067E+01  5.756105E-13
 2.8435000E+02  9.910000E+37  1.293844E+01  6.809822E-13
 2.8440000E+02  9.910000E+37  1.293619E+01  8.047786E-13
 2.8445000E+02  9.910000E+37  1.293373E+01  9.585511E-13
 2.8450000E+02  9.910000E+37  1.293044E+01  1.108756E-12
 2.8455000E+02  9.910000E+37  1.292729E+01  1.266104E-12
 2.8460000E+02  9.910000E+37  1.292641E+01  1.453719E-12
 2.8465000E+02  9.910000E+37  1.292443E+01  1.636964E-12
 2.8470000E+02  9.910000E+37  1.292233E+01  1.801977E-12
 2.8475000E+02  9.910000E+37  1.291814E+01  1.994713E-12
 2.8480000E+02  9.910000E+37  1.291920E+01  2.164273E-12
 2.8485000E+02  9.910000E+37  1.291489E+01  2.303695E-12
 2.8490000E+02  9.910000E+37  1.291432E+01  2.441636E-12
 2.8495000E+02  9.910000E+37  1.291008E+01  2.532396E-12
 2.8500000E+02  9.910000E+37  1.290866E+01  2.582135E-12
 2.8505000E+02  9.910000E+37  1.290884E+01  2.618430E-12
 2.8510000E+02  9.910000E+37  1.290700E+01  2.635954E-12
 2.8515000E+02  9.910000E+37  1.290200E+01  2.637686E-12
 2.8520000E+02  9.910000E+37  1.290033E+01  2.611947E-12
 2.8525000E+02  9.910000E+37  1.289691E+01  2.578699E-12
 2.8530000E+02  9.910000E+37  1.289358E+01  2.521384E-12
 2.8535000E+02  9.910000E+37  1.289227E+01  2.461664E-12
 2.8540000E+02  9.910000E+37  1.288952E+01  2.355508E-12
 2.8545000E+02  9.910000E+37  1.288690E+01  2.222023E-12
 2.8550000E+02  9.910000E+37  1.288521E+01  2.077287E-12
 2.8555000E+02  9.910000E+37  1.288404E+01  1.874911E-12
 2.8560000E+02  9.910000E+37  1.288081E+01  1.694946E-12
 2.8565000E+02  9.910000E+37  1.287929E+01  1.535602E-12
 2.8570000E+02  9.910000E+37  1.287858E+01  1.384973E-12
 2.8575000E+02  9.910000E+37  1.287487E+01  1.278444E-12
 2.8580000E+02  9.910000E+37  1.287112E+01  1.189186E-12
 2.8585000E+02  9.910000E+37  1.286911E+01  1.144949E-12
 2.8590000E+02  9.910000E+37  1.286630E+01  1.098048E-12
 2.8595000E+02  9.910000E+37  1.286249E+01  1.081618E-12
 2.8600000E+02  9.910000E+37  1.286268E+01  1.081907E-12
 2.8605000E+02  9.910000E+37  1.286081E+01  1.058414E-12
 2.8610000E+02  9.910000E+37  1.285728E+01  1.043656E-12
 2.8615000E+02  9.910000E+37  1.285569E+01  1.037850E-12
 2.8620000E+02  9.910000E+37  1.285055E+01  1.022541E-12
 2.8625000E+02  9.910000E+37  1.285093E+01  1.007227E-12
 2.8630000E+02  9.910000E+37  1.284807E+01  1.000740E-12
 2.8635000E+02  9.910000E+37  1.284585E+01  9.972164E-13
 2.8640000E+02  9.910000E+37  1.284284E+01  9.975582E-13
 2.8645000E+02  9.910000E+37  1.284076E+01  9.832162E-13
 2.8650000E+02  9.910000E+37  1.283744E+01  9.827629E-13
 2.8655000E+02  9.910000E+37  1.283493E+01  9.779293E-13
 2.8660000E+02  9.910000E+37  1.283470E+01  9.869477E-13
 2.8665000E+02  9.910000E+37  1.283112E+01  9.937400E-13
 2.8670000E+02  9.910000E+37  1.282990E+01  1.000909E-12
 2.8675000E+02  9.910000E+37  1.282836E+01  1.011835E-12
 2.8680000E+02  9.910000E+37  1.282599E+01  1.007937E-12
 2.8685000E+02  9.910000E+37  1.282491E+01  1.008933E-12
 2.8690000E+02  9.910000E+37  1.282157E+01  9.999259E-13
 2.8695000E+02  9.910000E+37  1.281982E+01  1.010155E-12
 2.8700000E+02  9.910000E+37  1.281736E+01  1.002031E-12
 2.8705000E+02  9.910000E+37  1.281517E+01  1.005553E-12
 2.8710000E+02  9.910000E+37  1.281269E+01  1.002492E-12
 2.8715000E+02  9.910000E+37  1.280982E+01  1.009546E-12
 2.8720000E+02  9.910000E+37  1.280700E+01  1.004121E-12
 2.8725000E+02  9.910000E+37  1.280688E+01  1.012936E-12
 2.8730000E+02  9.910000E+37  1.280425E+01  1.018820E-12
 2.8735000E+02  9.910000E+37  1.279935E+01  1.022021E-12
 2.8740000E+02  9.910000E+37  1.279707E+01  1.020652E-12
 2.8745000E+02  9.910000E+37  1.279497E+01  1.014281E-12
 2.8750000E+02  9.910000E+37  1.279527E+01  1.013299E-12
 2.8755000E+02  9.910000E+37  1.279204E+01  1.013042E-12
 2.8760000E+02  9.910000E+37  1.278868E+01  1.013128E-12
 2.8765000E+02  9.910000E+37  1.278645E+01  1.021666E-12
 2.8770000E+02  9.910000E+37  1.278537E+01  1.024619E-12
 2.8775000E+02  9.910000E+37  1.278406E+01  1.005679E-12
 2.8780000E+02  9.910000E+37  1.278175E+01  1.005571E-12
 2.8785000E+02  9.910000E+37  1.277830E+01  1.007222E-12
 2.8790000E+02  9.910000E+37  1.277853E+01  9.953597E-13
 2.8795000E+02  9.910000E+37  1.277476E+01  1.009482E-12
 2.8800000E+02  9.910000E+37  1.277382E+01  1.000205E-12
 2.8805000E+02  9.910000E+37  1.277117E+01  1.006024E-12
 2.8810000E+02  9.910000E+37  1.277007E+01  1.011093E-12
 2.8815000E+02  9.910000E+37  1.276710E+01  1.013728E-12
 2.8820000E+02  9.910000E+37  1.276604E+01  1.015216E-12
 2.8825000E+02  9.910000E+37  1.276245E+01  1.012995E-12
 2.8830000E+02  9.910000E+37  1.276094E+01  1.007995E-12
 2.8835000E+02  9.910000E+37  1.275493E+01  1.013298E-12
 2.8840000E+02  9.910000E+37  1.275325E+01  1.012505E-12
 2.8845000E+02  9.910000E+37  1.275201E+01  1.015876E-12
 2.8850000E+02  9.910000E+37  1.274991E+01  1.019792E-12
 2.8855000E+02  9.910000E+37  1.274896E+01  1.003848E-12
 2.8860000E+02  9.910000E+37  1.274622E+01  1.001348E-12
 2.8865000E+02  9.910000E+37  1.274419E+01  1.005724E-12
 2.8870000E+02  9.910000E+37  1.274226E+01  1.000665E-12
 2.8875000E+02  9.910000E+37  1.273974E+01  1.007280E-12
 2.8880000E+02  9.910000E+37  1.273791E+01  1.010301E-12
 2.8885000E+02  9.910000E+37  1.273571E+01  1.002218E-12
 2.8890000E+02  9.910000E+37  1.273356E+01  1.007451E-12
 2.8895000E+02  9.910000E+37  1.273121E+01  1.005249E-12
 2.8900000E+02  9.910000E+37  1.272834E+01  1.000440E-12
 2.8905000E+02  9.910000E+37  1.272472E+01  9.948225E-13
 2.8910000E+02  9.910000E+37  1.272452E+01  9.946327E-13
 2.8915000E+02  9.910000E+37  1.272181E+01  9.926264E-13
 2.8920000E+02  9.910000E+37  1.271892E+01  9.958428E-13
 2.8925000E+02  9.910000E+37  1.271795E+01  9.986935E-13
 2.8930000E+02  9.910000E+37  1.271702E+01  9.916743E-13
 2.8935000E+02  9.910000E+37  1.271434E+01  9.835674E-13
 2.8940000E+02  9.910000E+37  1.271305E+01  9.919610E-13
 2.8945000E+02  9.910000E+37  1.271134E+01  9.942394E-13
 2.8950000E+02  9.910000E+37  1.270817E+01  9.823296E-13
 2.8955000E+02  9.910000E+37  1.270473E+01  9.900087E-13
 2.8960000E+02  9.910000E+37  1.270321E+01  9.928154E-13
 2.8965000E+02  9.910000E+37  1.270204E+01  9.853459E-13
 2.8970000E+02  9.910000E+37  1.269935E+01  9.835795E-13
 2.8975000E+02  9.910000E+37  1.269500E+01  1.000260E-12
 2.8980000E+02  9.910000E+37  1.269529E+01  9.945698E-13
 2.8985000E+02  9.910000E+37  1.269151E+01  9.823375E-13
 2.8990000E+02  9.910000E+37  1.268918E+01  9.842380E-13
 2.8995000E+02  9.910000E+37  1.268842E+01  9.737921E-13
 2.9000000E+02  9.910000E+37  1.268557E+01  9.772081E-13
 2.9005000E+02  9.910000E+37  1.268335E+01  9.707109E-13
 2.9010000E+02  9.910000E+37  1.267964E+01  9.677443E-13
 2.9015000E+02  9.910000E+37  1.267951E+01  9.837628E-13
 2.9020000E+02  9.910000E+37  1.267727E+01  9.805207E-13
 2.9025000E+02  9.910000E+37  1.267422E+01  9.773768E-13
 2.9030000E+02  9.910000E+37  1.267434E+01  9.932989E-13
 2.9035000E+02  9.910000E+37  1.267169E+01  9.845819E-13
 2.9040000E+02  9.910000E+37  1.266891E+01  1.004532E-12
 2.9045000E+02  9.910000E+37  1.266826E+01  1.020537E-12
 2.9050000E+02  9.910000E+37  1.266655E+01  1.028058E-12
 2.9055000E+02  9.910000E+37  1.266301E+01  1.041712E-12
 2.9060000E+02  9.910000E+37  1.266163E+01  1.059117E-12
 2.9065000E+02  9.910000E+37  1.265815E+01  1.081395E-12
 2.9070000E+02  9.910000E+37  1.265534E+01  1.090753E-12
 2.9075000E+02  9.910000E+37  1.265417E+01  1.134535E-12
 2.9080000E+02  9.910000E+37  1.265054E+01  1.172068E-12
 2.9085000E+02  9.910000E+37  1.264867E+01  1.214656E-12
 2.9090000E+02  9.910000E+37  1.264696E+01  1.288206E-12
 2.9095000E+02  9.910000E+37  1.264508E+01  1.340407E-12
 2.9100000E+02  9.910000E+37  1.264444E+01  1.454034E-12
 2.9105000E+02  9.910000E+37  1.264054E+01  1.602981E-12
 2.9110000E+02  9.910000E+37  1.263891E+01  1.809996E-12
 2.9115000E+02  9.910000E+37  1.263614E+01  2.041140E-12
 2.9120000E+02  9.910000E+37  1.263584E+01  2.294422E-12
 2.9125000E+02  9.910000E+37  1.263138E+01  2.536984E-12
 2.9130000E+02  9.910000E+37  1.263089E+01  2.751219E-12
 2.9135000E+02  9.910000E+37  1.262778E+01  2.888270E-12
 2.9140000E+02  9.910000E+37  1.262408E+01  2.980489E-12
 2.9145000E+02  9.910000E+37  1.262144E+01  2.998601E-12
 2.9150000E+02  9.910000E+37  1.262090E+01  2.973214E-12
 2.9155000E+02  9.910000E+37  1.261896E+01  2.896068E-12
 2.9160000E+02  9.910000E+37  1.261782E+01  2.767096E-12
 2.9165000E+02  9.910000E+37  1.261570E+01  2.588138E-12
 2.9170000E+02  9.910000E+37  1.261152E+01  2.467766E-12
 2.9175000E+02  9.910000E+37  1.260786E+01  2.362249E-12
 2.9180000E+02  9.910000E+37  1.260881E+01  2.319740E-12
 2.9185000E+02  9.910000E+37  1.260599E+01  2.306651E-12
 2.9190000E+02  9.910000E+37  1.260463E+01  2.342644E-12
 2.9195000E+02  9.910000E+37  1.260468E+01  2.363263E-12
 2.9200000E+02  9.910000E+37  1.260128E+01  2.391003E-12
 2.9205000E+02  9.910000E+37  1.259647E+01  2.421449E-12
 2.9210000E+02  9.910000E+37  1.259578E+01  2.435179E-12
 2.9215000E+02  9.910000E+37  1.259343E+01  2.443298E-12
 2.9220000E+02  9.910000E+37  1.258987E+01  2.472298E-12
 2.9225000E+02  9.910000E+37  1.258909E+01  2.471530E-12
 2.9230000E+02  9.910000E+37  1.258535E+01  2.489002E-12
 2.9235000E+02  9.910000E+37  1.258480E+01  2.494178E-12
 2.9240000E+02  9.910000E+37  1.258287E+01  2.511308E-12
 2.9245000E+02  9.910000E+37  1.258029E+01  2.527277E-12
 2.9250000E+02  9.910000E+37  1.257764E+01  2.507614E-12
 2.9255000E+02  9.910000E+37  1.257560E+01  2.505492E-12
 2.9260000E+02  9.910000E+37  1.257361E+01  2.497934E-12
 2.9265000E+02  9.910000E+37  1.257204E+01  2.479090E-12
 2.9270000E+02  9.910000E+37  1.256832E+01  2.470370E-12
 2.9275000E+02  9.910000E+37  1.256761E+01  2.472927E-12
 2.9280000E+02  9.910000E+37  1.256699E+01  2.442324E-12
 2.9285000E+02  9.910000E+37  1.256379E+01  2.431345E-12
 2.9290000E+02  9.910000E+37  1.255967E+01  2.398961E-12
 2.9295000E+02  9.910000E+37  1.255677E+01  2.372752E-12
 2.9300000E+02  9.910000E+37  1.255548E+01  2.343342E-12
 2.9305000E+02  9.910000E+37  1.255395E+01  2.319997E-12
 2.9310000E+02  9.910000E+37  1.255286E+01  2.300175E-12
 2.9315000E+02  9.910000E+37  1.255062E+01  2.259255E-12
 2.9320000E+02  9.910000E+37  1.254976E+01  2.245152E-12
 2.9325000E+02  9.910000E+37  1.254688E+01  2.225573E-12
 2.9330000E+02  9.910000E+37  1.254367E+01  2.208785E-12
 2.9335000E+02  9.910000E+37  1.254059E+01  2.179633E-12
 2.9340000E+02  9.910000E+37  1.253945E+01  2.173677E-12
 2.9345000E+02  9.910000E+37  1.253654E+01  2.149031E-12
 2.9350000E+02  9.910000E+37  1.253474E+01  2.138682E-12
 2.9355000E+02  9.910000E+37  1.253234E+01  2.121636E-12
 2.9360000E+02  9.910000E+37  1.253107E+01  2.082895E-12
 2.9365000E+02  9.910000E+37  1.252846E+01  2.065526E-12
 2.9370000E+02  9.910000E+37  1.252794E+01  2.065435E-12
 2.9375000E+02  9.910000E+37  1.252371E+01  2.053324E-12
 2.9380000E+02  9.910000E+37  1.251996E+01  2.045979E-12
 2.9385000E+02  9.910000E+37  1.251864E+01  2.034312E-12
 2.9390000E+02  9.910000E+37  1.251824E+01  2.022457E-12
 2.9395000E+02  9.910000E+37  1.251423E+01  2.022972E-12
 2.9400000E+02  9.910000E+37  1.251285E+01  2.006207E-12
 2.9405000E+02  9.910000E+37  1.251178E+01  2.005544E-12
 2.9410000E+02  9.910000E+37  1.251162E+01  2.006418E-12
 2.9415000E+02  9.910000E+37  1.250755E+01  1.998659E-12
 2.9420000E+02  9.910000E+37  1.250440E+01  1.993442E-12
 2.9425000E+02  9.910000E+37  1.250248E+01  2.004641E-12
 2.9430000E+02  9.910000E+37  1.250226E+01  2.003120E-12
 2.9435000E+02  9.910000E+37  1.249938E+01  2.009903E-12
 2.9440000E+02  9.910000E+37  1.249756E+01  1.994307E-12
 2.9445000E+02  9.910000E+37  1.249614E+01  2.017309E-12
 2.9450000E+02  9.910000E+37  1.249368E+01  2.007609E-12
 2.9455000E+02  9.910000E+37  1.249334E+01  2.011236E-12
 2.9460000E+02  9.910000E+37  1.248823E+01  2.012219E-12
 2.9465000E+02  9.910000E+37  1.248495E+01  2.010911E-12
 2.9470000E+02  9.910000E+37  1.248462E+01  2.003298E-12
 2.9475000E+02  9.910000E+37  1.248364E+01  2.014742E-12
 2.9480000E+02  9.910000E+37  1.248187E+01  2.021568E-12
 2.9485000E+02  9.910000E+37  1.248091E+01  2.006448E-12
 2.9490000E+02  9.910000E+37  1.247751E+01  1.998980E-12
 2.9495000E+02  9.910000E+37  1.247636E+01  2.007231E-12
 2.9500000E+02  9.910000E+37  1.247316E+01  1.996831E-12
 2.9505000E+02  9.910000E+37  1.247276E+01  1.998129E-12
 2.9510000E+02  9.910000E+37  1.247104E+01  2.005861E-12
 2.9515000E+02  9.910000E+37  1.246712E+01  1.996338E-12
 2.9520000E+02  9.910000E+37  1.246527E+01  1.991631E-12
 2.9525000E+02  9.910000E+37  1.246064E+01  1.985365E-12
 2.9530000E+02  9.910000E+37  1.246018E+01  1.983826E-12
 2.9535000E+02  9.910000E+37  1.245879E+01  1.986528E-12
 2.9540000E+02  9.910000E+37  1.245561E+01  1.989055E-12
 2.9545000E+02  9.910000E+37  1.245524E+01  1.991177E-12
 2.9550000E+02  9.910000E+37  1.245188E+01  2.006728E-12
 2.9555000E+02  9.910000E+37  1.245245E+01  2.000079E-12
 2.9560000E+02  9.910000E+37  1.245025E+01  2.001692E-12
 2.9565000E+02  9.910000E+37  1.244565E+01  1.992433E-12
 2.9570000E+02  9.910000E+37  1.244529E+01  2.004858E-12
 2.9575000E+02  9.910000E+37  1.244173E+01  2.011357E-12
 2.9580000E+02  9.910000E+37  1.243890E+01  2.008406E-12
 2.9585000E+02  9.910000E+37  1.243870E+01  2.019705E-12
 2.9590000E+02  9.910000E+37  1.243452E+01  2.019534E-12
 2.9595000E+02  9.910000E+37  1.243381E+01  2.003384E-12
 2.9600000E+02  9.910000E+37  1.243265E+01  2.019828E-12
 2.9605000E+02  9.910000E+37  1.243010E+01  2.033887E-12
 2.9610000E+02  9.910000E+37  1.242619E+01  2.036093E-12
 2.9615000E+02  9.910000E+37  1.242564E+01  2.038976E-12
 2.9620000E+02  9.910000E+37  1.242318E+01  2.035284E-12
 2.9625000E+02  9.910000E+37  1.242042E+01  2.028916E-12
 2.9630000E+02  9.910000E+37  1.241926E+01  2.027299E-12
 2.9635000E+02  9.910000E+37  1.241605E+01  2.031186E-12
 2.9640000E+02  9.910000E+37  1.241477E+01  2.034100E-12
 2.9645000E+02  9.910000E+37  1.241111E+01  2.055033E-12
 2.9650000E+02  9.910000E+37  1.241024E+01  2.031630E-12
 2.9655000E+02  9.910000E+37  1.240879E+01  2.029769E-12
 2.9660000E+02  9.910000E+37  1.240547E+01  2.037290E-12
 2.9665000E+02  9.910000E+37  1.240395E+01  2.039908E-12
 2.9670000E+02  9.910000E+37  1.240123E+01  2.018304E-12
 2.9675000E+02  9.910000E+37  1.239956E+01  2.033401E-12
 2.9680000E+02  9.910000E+37  1.239733E+01  2.032714E-12
 2.9685000E+02  9.910000E+37  1.239521E+01  2.027405E-12
 2.9690000E+02  9.910000E+37  1.239523E+01  2.024353E-12
 2.9695000E+02  9.910000E+37  1.239275E+01  2.027319E-12
 2.9700000E+02  9.910000E+37  1.239072E+01  2.027676E-12
 2.9705000E+02  9.910000E+37  1.238748E+01  2.018769E-12
 2.9710000E+02  9.910000E+37  1.238519E+01  2.024547E-12
 2.9715000E+02  9.910000E+37  1.238319E+01  2.013183E-12
 2.9720000E+02  9.910000E+37  1.238021E+01  2.010998E-12
 2.9725000E+02  9.910000E+37  1.237690E+01  2.014962E-12
 2.9730000E+02  9.910000E+37  1.237654E+01  2.023322E-12
 2.9735000E+02  9.910000E+37  1.237482E+01  2.014143E-12
 2.9740000E+02  9.910000E+37  1.237194E+01  2.006515E-12
 2.9745000E+02  9.910000E+37  1.237252E+01  2.016830E-12
 2.9750000E+02  9.910000E+37  1.236883E+01  1.999450E-12
 2.9755000E+02  9.910000E+37  1.236744E+01  2.002842E-12
 2.9760000E+02  9.910000E+37  1.236568E+01  2.008911E-12
 2.9765000E+02  9.910000E+37  1.236109E+01  1.990605E-12
 2.9770000E+02  9.910000E+37  1.236001E+01  2.002465E-12
 2.9775000E+02  9.910000E+37  1.235617E+01  1.980260E-12
 2.9780000E+02  9.910000E+37  1.235600E+01  1.986512E-12
 2.9785000E+02  9.910000E+37  1.235326E+01  1.992422E-12
 2.9790000E+02  9.910000E+37  1.235305E+01  1.981033E-12
 2.9795000E+02  9.910000E+37  1.235030E+01  1.991197E-12
 2.9800000E+02  9.910000E+37  1.234814E+01  1.988122E-12
 2.9805000E+02  9.910000E+37  1.234683E+01  1.981583E-12
 2.9810000E+02  9.910000E+37  1.234474E+01  1.981876E-12
 2.9815000E+02  9.910000E+37  1.234011E+01  1.967856E-12
 2.9820000E+02  9.910000E+37  1.233859E+01  1.970518E-12
 2.9825000E+02  9.910000E+37  1.233661E+01  1.961688E-12
 2.9830000E+02  9.910000E+37  1.233387E+01  1.951305E-12
 2.9835000E+02  9.910000E+37  1.233330E+01  1.961412E-12
 2.9840000E+02  9.910000E+37  1.233044E+01  1.952878E-12
 2.9845000E+02  9.910000E+37  1.232812E+01  1.957265E-12
 2.9850000E+02  9.910000E+37  1.232604E+01  1.938020E-12
 2.9855000E+02  9.910000E+37  1.232255E+01  1.948562E-12
 2.9860000E+02  9.910000E+37  1.232234E+01  1.931827E-12
 2.9865000E+02  9.910000E+37  1.232122E+01  1.936807E-12
 2.9870000E+02  9.910000E+37  1.231832E+01  1.932411E-12
 2.9875000E+02  9.910000E+37  1.231737E+01  1.936897E-12
 2.9880000E+02  9.910000E+37  1.231363E+01  1.928953E-12
 2.9885000E+02  9.910000E+37  1.231408E+01  1.920230E-12
 2.9890000E+02  9.910000E+37  1.230998E+01  1.921880E-12
 2.9895000E+02  9.910000E+37  1.230964E+01  1.925261E-12
 2.9900000E+02  9.910000E+37  1.230761E+01  1.910905E-12
 2.9905000E+02  9.910000E+37  1.230464E+01  1.931650E-12
 2.9910000E+02  9.910000E+37  1.230240E+01  1.913988E-12
 2.9915000E+02  9.910000E+37  1.230065E+01  1.927799E-12
 2.9920000E+02  9.910000E+37  1.229936E+01  1.913827E-12
 2.9925000E+02  9.910000E+37  1.229617E+01  1.928468E-12
 2.9930000E+02  9.910000E+37  1.229516E+01  1.918590E-12
 2.9935000E+02  9.910000E+37  1.229131E+01  1.914831E-12
 2.9940000E+02  9.910000E+37  1.229072E+01  1.915090E-12
 2.9945000E+02  9.910000E+37  1.228695E+01  1.909499E-12
 2.9950000E+02  9.910000E+37  1.228522E+01  1.915093E-12
 2.9955000E+02  9.910000E+37  1.228330E+01  1.918890E-12
 2.9960000E+02  9.910000E+37  1.228156E+01  1.913683E-12
 2.9965000E+02  9.910000E+37  1.227839E+01  1.911252E-12
 2.9970000E+02  9.910000E+37  1.227786E+01  1.906468E-12
 2.9975000E+02  9.910000E+37  1.227507E+01  1.928772E-12
 2.9980000E+02  9.910000E+37  1.227445E+01  1.915748E-12
 2.9985000E+02  9.910000E+37  1.227323E+01  1.921619E-12
 2.9990000E+02  9.910000E+37  1.226820E+01  1.942325E-12
 2.9995000E+02  9.910000E+37  1.226681E+01  1.936721E-12
 3.0000000E+02  9.910000E+37  1.226518E+01  1.932913E-12
 3.0005000E+02  9.910000E+37  1.226505E+01  1.928146E-12
 3.0010000E+02  9.910000E+37  1.226206E+01  1.936097E-12
 3.0015000E+02  9.910000E+37  1.226183E+01  1.940338E-12
 3.0020000E+02  9.910000E+37  1.226046E+01  1.942236E-12
 3.0025000E+02  9.910000E+37  1.225853E+01  1.942650E-12
 3.0030000E+02  9.910000E+37  1.225608E+01  1.939503E-12
 3.0035000E+02  9.910000E+37  1.225346E+01  1.947909E-12
 3.0040000E+02  9.910000E+37  1.224944E+01  1.945597E-12
 3.0045000E+02  9.910000E+37  1.224621E+01  1.956314E-12
 3.0050000E+02  9.910000E+37  1.224654E+01  1.941571E-12
 3.0055000E+02  9.910000E+37  1.224480E+01  1.945533E-12
 3.0060000E+02  9.910000E+37  1.224268E+01  1.963101E-12
 3.0065000E+02  9.910000E+37  1.224113E+01  1.952114E-12
 3.0070000E+02  9.910000E+37  1.223908E+01  1.962728E-12
 3.0075000E+02  9.910000E+37  1.223732E+01  1.957527E-12
 3.0080000E+02  9.910000E+37  1.223586E+01  1.960724E-12
 3.0085000E+02  9.910000E+37  1.223245E+01  1.960703E-12
 3.0090000E+02  9.910000E+37  1.223030E+01  1.965368E-12
 3.0095000E+02  9.910000E+37  1.222898E+01  1.965064E-12
 3.0100000E+02  9.910000E+37  1.222570E+01  1.965938E-12
 3.0105000E+02  9.910000E+37  1.222473E+01  1.963368E-12
 3.0110000E+02  9.910000E+37  1.222194E+01  1.975589E-12
 3.0115000E+02  9.910000E+37  1.221906E+01  1.965064E-12
 3.0120000E+02  9.910000E+37  1.221891E+01  1.963615E-12
 3.0125000E+02  9.910000E+37  1.221560E+01  1.972240E-12
 3.0130000E+02  9.910000E+37  1.221483E+01  1.979596E-12
 3.0135000E+02  9.910000E+37  1.221095E+01  1.975400E-12
 3.0140000E+02  9.910000E+37  1.221001E+01  1.976066E-12
 3.0145000E+02  9.910000E+37  1.220891E+01  1.980251E-12
 3.0150000E+02  9.910000E+37  1.220443E+01  1.982036E-12
 3.0155000E+02  9.910000E+37  1.220130E+01  1.970820E-12
 3.0160000E+02  9.910000E+37  1.220142E+01  1.982618E-12
 3.0165000E+02  9.910000E+37  1.219871E+01  1.984422E-12
 3.0170000E+02  9.910000E+37  1.219644E+01  1.984590E-12
 3.0175000E+02  9.910000E+37  1.219423E+01  1.999103E-12
 3.0180000E+02  9.910000E+37  1.219311E+01  1.995334E-12
 3.0185000E+02  9.910000E+37  1.218946E+01  1.997159E-12
 3.0190000E+02  9.910000E+37  1.218930E+01  2.002293E-12
 3.0195000E+02  9.910000E+37  1.218751E+01  2.009469E-12
 3.0200000E+02  9.910000E+37  1.218591E+01  2.006117E-12
 3.0205000E+02  9.910000E+37  1.218400E+01  2.022443E-12
 3.0210000E+02  9.910000E+37  1.217985E+01  2.016273E-12
 3.0215000E+02  9.910000E+37  1.217900E+01  2.028027E-12
 3.0220000E+02  9.910000E+37  1.217599E+01  2.036638E-12
 3.0225000E+02  9.910000E+37  1.217465E+01  2.022203E-12
 3.0230000E+02  9.910000E+37  1.217462E+01  2.031718E-12
 3.0235000E+02  9.910000E+37  1.216940E+01  2.037847E-12
 3.0240000E+02  9.910000E+37  1.216852E+01  2.049169E-12
 3.0245000E+02  9.910000E+37  1.216598E+01  2.055218E-12
 3.0250000E+02  9.910000E+37  1.216358E+01  2.050574E-12
 3.0255000E+02  9.910000E+37  1.216278E+01  2.060712E-12
 3.0260000E+02  9.910000E+37  1.216254E+01  2.071015E-12
 3.0265000E+02  9.910000E+37  1.215963E+01  2.074227E-12
 3.0270000E+02  9.910000E+37  1.215914E+01  2.089049E-12
 3.0275000E+02  9.910000E+37  1.215394E+01  2.095771E-12
 3.0280000E+02  9.910000E+37  1.215310E+01  2.095958E-12
 3.0285000E+02  9.910000E+37  1.215104E+01  2.107788E-12
 3.0290000E+02  9.910000E+37  1.214988E+01  2.112069E-12
 3.0295000E+02  9.910000E+37  1.214745E+01  2.105749E-12
 3.0300000E+02  9.910000E+37  1.214459E+01  2.103154E-12
 3.0305000E+02  9.910000E+37  1.214548E+01  2.106681E-12
 3.0310000E+02  9.910000E+37  1.214182E+01  2.117293E-12
 3.0315000E+02  9.910000E+37  1.213962E+01  2.105386E-12
 3.0320000E+02  9.910000E+37  1.213786E+01  2.115694E-12
 3.0325000E+02  9.910000E+37  1.213658E+01  2.121285E-12
 3.0330000E+02  9.910000E+37  1.213582E+01  2.128704E-12
 3.0335000E+02  9.910000E+37  1.213227E+01  2.125739E-12
 3.0340000E+02  9.910000E+37  1.213121E+01  2.120732E-12
 3.0345000E+02  9.910000E+37  1.212670E+01  2.127952E-12
 3.0350000E+02  9.910000E+37  1.212525E+01  2.121815E-12
 3.0355000E+02  9.910000E+37  1.212318E+01  2.120259E-12
 3.0360000E+02  9.910000E+37  1.212031E+01  2.119928E-12
 3.0365000E+02  9.910000E+37  1.211840E+01  2.112705E-12
 3.0370000E+02  9.910000E+37  1.211698E+01  2.113804E-12
 3.0375000E+02  9.910000E+37  1.211412E+01  2.111624E-12
 3.0380000E+02  9.910000E+37  1.211270E+01  2.106829E-12
 3.0385000E+02  9.910000E+37  1.211210E+01  2.107362E-12
 3.0390000E+02  9.910000E+37  1.211089E+01  2.104482E-12
 3.0395000E+02  9.910000E+37  1.210726E+01  2.105407E-12
 3.0400000E+02  9.910000E+37  1.210580E+01  2.098169E-12
 3.0405000E+02  9.910000E+37  1.210390E+01  2.084024E-12
 3.0410000E+02  9.910000E+37  1.210245E+01  2.087306E-12
 3.0415000E+02  9.910000E+37  1.210065E+01  2.092662E-12
 3.0420000E+02  9.910000E+37  1.209800E+01  2.089735E-12
 3.0425000E+02  9.910000E+37  1.209559E+01  2.074690E-12
 3.0430000E+02  9.910000E+37  1.209555E+01  2.067488E-12
 3.0435000E+02  9.910000E+37  1.209247E+01  2.063086E-12
 3.0440000E+02  9.910000E+37  1.208966E+01  2.058401E-12
 3.0445000E+02  9.910000E+37  1.208973E+01  2.056245E-12
 3.0450000E+02  9.910000E+37  1.208827E+01  2.060339E-12
 3.0455000E+02  9.910000E+37  1.208298E+01  2.046035E-12
 3.0460000E+02  9.910000E+37  1.208381E+01  2.044129E-12
 3.0465000E+02  9.910000E+37  1.208241E+01  2.039914E-12
 3.0470000E+02  9.910000E+37  1.207958E+01  2.038435E-12
 3.0475000E+02  9.910000E+37  1.207781E+01  2.035140E-12
 3.0480000E+02  9.910000E+37  1.207589E+01  2.026486E-12
 3.0485000E+02  9.910000E+37  1.207381E+01  2.031355E-12
 3.0490000E+02  9.910000E+37  1.207169E+01  2.018886E-12
 3.0495000E+02  9.910000E+37  1.206989E+01  2.029776E-12
 3.0500000E+02  9.910000E+37  1.206650E+01  2.016273E-12
 3.0505000E+02  9.910000E+37  1.206731E+01  2.029172E-12
 3.0510000E+02  9.910000E+37  1.206355E+01  2.019511E-12
 3.0515000E+02  9.910000E+37  1.206021E+01  2.020752E-12
 3.0520000E+02  9.910000E+37  1.206003E+01  2.013485E-12
 3.0525000E+02  9.910000E+37  1.205771E+01  2.011843E-12
 3.0530000E+02  9.910000E+37  1.205456E+01  2.010689E-12
 3.0535000E+02  9.910000E+37  1.205324E+01  2.016067E-12
 3.0540000E+02  9.910000E+37  1.204997E+01  2.011397E-12
 3.0545000E+02  9.910000E+37  1.205060E+01  2.022439E-12
 3.0550000E+02  9.910000E+37  1.204795E+01  2.012423E-12
 3.0555000E+02  9.910000E+37  1.204562E+01  2.022709E-12
 3.0560000E+02  9.910000E+37  1.204399E+01  2.020447E-12
 3.0565000E+02  9.910000E+37  1.204259E+01  2.019700E-12
 3.0570000E+02  9.910000E+37  1.204080E+01  2.028174E-12
 3.0575000E+02  9.910000E+37  1.203870E+01  2.029209E-12
 3.0580000E+02  9.910000E+37  1.203644E+01  2.029983E-12
 3.0585000E+02  9.910000E+37  1.203221E+01  2.034733E-12
 3.0590000E+02  9.910000E+37  1.203141E+01  2.038957E-12
 3.0595000E+02  9.910000E+37  1.202947E+01  2.034551E-12
 3.0600000E+02  9.910000E+37  1.202794E+01  2.044377E-12
 3.0605000E+02  9.910000E+37  1.202744E+01  2.042012E-12
 3.0610000E+02  9.910000E+37  1.202427E+01  2.046691E-12
 3.0615000E+02  9.910000E+37  1.202407E+01  2.061329E-12
 3.0620000E+02  9.910000E+37  1.202030E+01  2.055378E-12
 3.0625000E+02  9.910000E+37  1.201975E+01  2.056474E-12
 3.0630000E+02  9.910000E+37  1.201904E+01  2.080602E-12
 3.0635000E+02  9.910000E+37  1.201521E+01  2.080775E-12
 3.0640000E+02  9.910000E+37  1.201529E+01  2.078794E-12
 3.0645000E+02  9.910000E+37  1.201336E+01  2.079926E-12
 3.0650000E+02  9.910000E+37  1.201017E+01  2.081896E-12
 3.0655000E+02  9.910000E+37  1.200783E+01  2.085984E-12
 3.0660000E+02  9.910000E+37  1.200631E+01  2.098011E-12
 3.0665000E+02  9.910000E+37  1.200398E+01  2.108998E-12
 3.0670000E+02  9.910000E+37  1.200329E+01  2.103201E-12
 3.0675000E+02  9.910000E+37  1.200113E+01  2.107217E-12
 3.0680000E+02  9.910000E+37  1.199861E+01  2.104060E-12
 3.0685000E+02  9.910000E+37  1.199438E+01  2.105818E-12
 3.0690000E+02  9.910000E+37  1.199478E+01  2.114895E-12
 3.0695000E+02  9.910000E+37  1.199436E+01  2.118062E-12
 3.0700000E+02  9.910000E+37  1.199140E+01  2.121755E-12
 3.0705000E+02  9.910000E+37  1.199055E+01  2.121302E-12
 3.0710000E+02  9.910000E+37  1.198705E+01  2.126558E-12
 3.0715000E+02  9.910000E+37  1.198580E+01  2.115815E-12
 3.0720000E+02  9.910000E+37  1.198330E+01  2.124963E-12
 3.0725000E+02  9.910000E+37  1.198120E+01  2.123888E-12
 3.0730000E+02  9.910000E+37  1.198033E+01  2.111990E-12
 3.0735000E+02  9.910000E+37  1.197813E+01  2.128020E-12
 3.0740000E+02  9.910000E+37  1.197510E+01  2.113980E-12
 3.0745000E+02  9.910000E+37  1.197410E+01  2.120583E-12
 3.0750000E+02  9.910000E+37  1.197098E+01  2.105461E-12
 3.0755000E+02  9.910000E+37  1.196898E+01  2.108545E-12
 3.0760000E+02  9.910000E+37  1.196818E+01  2.112743E-12
 3.0765000E+02  9.910000E+37  1.196593E+01  2.098813E-12
 3.0770000E+02  9.910000E+37  1.196513E+01  2.100890E-12
 3.0775000E+02  9.910000E+37  1.196266E+01  2.101468E-12
 3.0780000E+02  9.910000E+37  1.196032E+01  2.095644E-12
 3.0785000E+02  9.910000E+37  1.196028E+01  2.092220E-12
 3.0790000E+02  9.910000E+37  1.195640E+01  2.087170E-12
 3.0795000E+02  9.910000E+37  1.195599E+01  2.087773E-12
 3.0800000E+02  9.910000E+37  1.195329E+01  2.082420E-12
 3.0805000E+02  9.910000E+37  1.195089E+01  2.071427E-12
 3.0810000E+02  9.910000E+37  1.195032E+01  2.066395E-12
 3.0815000E+02  9.910000E+37  1.194791E+01  2.059833E-12
 3.0820000E+02  9.910000E+37  1.194440E+01  2.056108E-12
 3.0825000E+02  9.910000E+37  1.194510E+01  2.046354E-12
 3.0830000E+02  9.910000E+37  1.194217E+01  2.038027E-12
 3.0835000E+02  9.910000E+37  1.194059E+01  2.045154E-12
 3.0840000E+02  9.910000E+37  1.193752E+01  2.043019E-12
 3.0845000E+02  9.910000E+37  1.193559E+01  2.022243E-12
 3.0850000E+02  9.910000E+37  1.193388E+01  2.019253E-12
 3.0855000E+02  9.910000E+37  1.193222E+01  2.015747E-12
 3.0860000E+02  9.910000E+37  1.192973E+01  1.993311E-12
 3.0865000E+02  9.910000E+37  1.192778E+01  1.994601E-12
 3.0870000E+02  9.910000E+37  1.192547E+01  1.997307E-12
 3.0875000E+02  9.910000E+37  1.192421E+01  1.992384E-12
 3.0880000E+02  9.910000E+37  1.192279E+01  1.972560E-12
 3.0885000E+02  9.910000E+37  1.192117E+01  1.972085E-12
 3.0890000E+02  9.910000E+37  1.191818E+01  1.964864E-12
 3.0895000E+02  9.910000E+37  1.191572E+01  1.954862E-12
 3.0900000E+02  9.910000E+37  1.191417E+01  1.951539E-12
 3.0905000E+02  9.910000E+37  1.191180E+01  1.935838E-12
 3.0910000E+02  9.910000E+37  1.191071E+01  1.932211E-12
 3.0915000E+02  9.910000E+37  1.190813E+01  1.925964E-12
 3.0920000E+02  9.910000E+37  1.190628E+01  1.904585E-12
 3.0925000E+02  9.910000E+37  1.190587E+01  1.902322E-12
 3.0930000E+02  9.910000E+37  1.190370E+01  1.892160E-12
 3.0935000E+02  9.910000E+37  1.190242E+01  1.895295E-12
 3.0940000E+02  9.910000E+37  1.189753E+01  1.861342E-12
 3.0945000E+02  9.910000E+37  1.189711E+01  1.873682E-12
 3.0950000E+02  9.910000E+37  1.189542E+01  1.857801E-12
 3.0955000E+02  9.910000E+37  1.189258E+01  1.852283E-12
 3.0960000E+02  9.910000E+37  1.189046E+01  1.831543E-12
 3.0965000E+02  9.910000E+37  1.189023E+01  1.832753E-12
 3.0970000E+02  9.910000E+37  1.188639E+01  1.826177E-12
 3.0975000E+02  9.910000E+37  1.188409E+01  1.803175E-12
 3.0980000E+02  9.910000E+37  1.188318E+01  1.809564E-12
 3.0985000E+02  9.910000E+37  1.188181E+01  1.795314E-12
 3.0990000E+02  9.910000E+37  1.187982E+01  1.786358E-12
 3.0995000E+02  9.910000E+37  1.187800E+01  1.771755E-12
 3.1000000E+02  9.910000E+37  1.187597E+01  1.769516E-12
 3.1005000E+02  9.910000E+37  1.187515E+01  1.774017E-12
 3.1010000E+02  9.910000E+37  1.187156E+01  1.746516E-12
 3.1015000E+02  9.910000E+37  1.187127E+01  1.741210E-12
 3.1020000E+02  9.910000E+37  1.186903E+01  1.736453E-12
 3.1025000E+02  9.910000E+37  1.186735E+01  1.721994E-12
 3.1030000E+02  9.910000E+37  1.186560E+01  1.710648E-12
 3.1035000E+02  9.910000E+37  1.186320E+01  1.702133E-12
 3.1040000E+02  9.910000E+37  1.185944E+01  1.703644E-12
 3.1045000E+02  9.910000E+37  1.185787E+01  1.685881E-12
 3.1050000E+02  9.910000E+37  1.185569E+01  1.685992E-12
 3.1055000E+02  9.910000E+37  1.185246E+01  1.675152E-12
 3.1060000E+02  9.910000E+37  1.185235E+01  1.658004E-12
 3.1065000E+02  9.910000E+37  1.185100E+01  1.650052E-12
 3.1070000E+02  9.910000E+37  1.184774E+01  1.647788E-12
 3.1075000E+02  9.910000E+37  1.184723E+01  1.635285E-12
 3.1080000E+02  9.910000E+37  1.184582E+01  1.615025E-12
 3.1085000E+02  9.910000E+37  1.184486E+01  1.614361E-12
 3.1090000E+02  9.910000E+37  1.184174E+01  1.612127E-12
 3.1095000E+02  9.910000E+37  1.183915E+01  1.597914E-12
 3.1100000E+02  9.910000E+37  1.183802E+01  1.591023E-12
 3.1105000E+02  9.910000E+37  1.183591E+01  1.574968E-12
 3.1110000E+02  9.910000E+37  1.183476E+01  1.571973E-12
 3.1115000E+02  9.910000E+37  1.183292E+01  1.559315E-12
 3.1120000E+02  9.910000E+37  1.182855E+01  1.550551E-12
 3.1125000E+02  9.910000E+37  1.182675E+01  1.536796E-12
 3.1130000E+02  9.910000E+37  1.182564E+01  1.540498E-12
 3.1135000E+02  9.910000E+37  1.182297E+01  1.530308E-12
 3.1140000E+02  9.910000E+37  1.182186E+01  1.512505E-12
 3.1145000E+02  9.910000E+37  1.181878E+01  1.508592E-12
 3.1150000E+02  9.910000E+37  1.181827E+01  1.492864E-12
 3.1155000E+02  9.910000E+37  1.181803E+01  1.480502E-12
 3.1160000E+02  9.910000E+37  1.181452E+01  1.477661E-12
 3.1165000E+02  9.910000E+37  1.181249E+01  1.469998E-12
 3.1170000E+02  9.910000E+37  1.181092E+01  1.455046E-12
 3.1175000E+02  9.910000E+37  1.180900E+01  1.443273E-12
 3.1180000E+02  9.910000E+37  1.180503E+01  1.446758E-12
 3.1185000E+02  9.910000E+37  1.180410E+01  1.443346E-12
 3.1190000E+02  9.910000E+37  1.180329E+01  1.438932E-12
 3.1195000E+02  9.910000E+37  1.180060E+01  1.417315E-12
 3.1200000E+02  9.910000E+37  1.179955E+01  1.412712E-12
 3.1205000E+02  9.910000E+37  1.179646E+01  1.398687E-12
 3.1210000E+02  9.910000E+37  1.179545E+01  1.403258E-12
 3.1215000E+02  9.910000E+37  1.179492E+01  1.389778E-12
 3.1220000E+02  9.910000E+37  1.179032E+01  1.382582E-12
 3.1225000E+02  9.910000E+37  1.178853E+01  1.380823E-12
 3.1230000E+02  9.910000E+37  1.178764E+01  1.362783E-12
 3.1235000E+02  9.910000E+37  1.178519E+01  1.367534E-12
 3.1240000E+02  9.910000E+37  1.178338E+01  1.355880E-12
 3.1245000E+02  9.910000E+37  1.178217E+01  1.354796E-12
 3.1250000E+02  9.910000E+37  1.178025E+01  1.365465E-12
 3.1255000E+02  9.910000E+37  1.177592E+01  1.344889E-12
 3.1260000E+02  9.910000E+37  1.177539E+01  1.346804E-12
 3.1265000E+02  9.910000E+37  1.177441E+01  1.345337E-12
 3.1270000E+02  9.910000E+37  1.177367E+01  1.324285E-12
 3.1275000E+02  9.910000E+37  1.176983E+01  1.327428E-12
 3.1280000E+02  9.910000E+37  1.176922E+01  1.331717E-12
 3.1285000E+02  9.910000E+37  1.176768E+01  1.329363E-12
 3.1290000E+02  9.910000E+37  1.176613E+01  1.321278E-12
 3.1295000E+02  9.910000E+37  1.176394E+01  1.309052E-12
 3.1300000E+02  9.910000E+37  1.176229E+01  1.307008E-12
 3.1305000E+02  9.910000E+37  1.176025E+01  1.315548E-12
 3.1310000E+02  9.910000E+37  1.175870E+01  1.304561E-12
 3.1315000E+02  9.910000E+37  1.175605E+01  1.310957E-12
 3.1320000E+02  9.910000E+37  1.175296E+01  1.304049E-12
 3.1325000E+02  9.910000E+37  1.175310E+01  1.299970E-12
 3.1330000E+02  9.910000E+37  1.175046E+01  1.311241E-12
 3.1335000E+02  9.910000E+37  1.174827E+01  1.309538E-12
 3.1340000E+02  9.910000E+37  1.174710E+01  1.295752E-12
 3.1345000E+02  9.910000E+37  1.174570E+01  1.292627E-12
 3.1350000E+02  9.910000E+37  1.174381E+01  1.302415E-12
 3.1355000E+02  9.910000E+37  1.174240E+01  1.291429E-12
 3.1360000E+02  9.910000E+37  1.174066E+01  1.288513E-12
 3.1365000E+02  9.910000E+37  1.174122E+01  1.288466E-12
 3.1370000E+02  9.910000E+37  1.173722E+01  1.288754E-12
 3.1375000E+02  9.910000E+37  1.173408E+01  1.284630E-12
 3.1380000E+02  9.910000E+37  1.173329E+01  1.287708E-12
 3.1385000E+02  9.910000E+37  1.173112E+01  1.300130E-12
 3.1390000E+02  9.910000E+37  1.172823E+01  1.287681E-12
 3.1395000E+02  9.910000E+37  1.172634E+01  1.286199E-12
 3.1400000E+02  9.910000E+37  1.172525E+01  1.282138E-12
 3.1405000E+02  9.910000E+37  1.172322E+01  1.301745E-12
 3.1410000E+02  9.910000E+37  1.172198E+01  1.285435E-12
 3.1415000E+02  9.910000E+37  1.171970E+01  1.286729E-12
 3.1420000E+02  9.910000E+37  1.171695E+01  1.278769E-12
 3.1425000E+02  9.910000E+37  1.171668E+01  1.284942E-12
 3.1430000E+02  9.910000E+37  1.171241E+01  1.284665E-12
 3.1435000E+02  9.910000E+37  1.171149E+01  1.279294E-12
 3.1440000E+02  9.910000E+37  1.171036E+01  1.282894E-12
 3.1445000E+02  9.910000E+37  1.170847E+01  1.281086E-12
 3.1450000E+02  9.910000E+37  1.170742E+01  1.294103E-12
 3.1455000E+02  9.910000E+37  1.170486E+01  1.288286E-12
 3.1460000E+02  9.910000E+37  1.170180E+01  1.278425E-12
 3.1465000E+02  9.910000E+37  1.169995E+01  1.278089E-12
 3.1470000E+02  9.910000E+37  1.169811E+01  1.284190E-12
 3.1475000E+02  9.910000E+37  1.169528E+01  1.274885E-12
 3.1480000E+02  9.910000E+37  1.169476E+01  1.285056E-12
 3.1485000E+02  9.910000E+37  1.169478E+01  1.275427E-12
 3.1490000E+02  9.910000E+37  1.169172E+01  1.280883E-12
 3.1495000E+02  9.910000E+37  1.169187E+01  1.282854E-12
 3.1500000E+02  9.910000E+37  1.168792E+01  1.290951E-12
 3.1505000E+02  9.910000E+37  1.168667E+01  1.292428E-12
 3.1510000E+02  9.910000E+37  1.168495E+01  1.283814E-12
 3.1515000E+02  9.910000E+37  1.168425E+01  1.280870E-12
 3.1520000E+02  9.910000E+37  1.168054E+01  1.293020E-12
 3.1525000E+02  9.910000E+37  1.167971E+01  1.283902E-12
 3.1530000E+02  9.910000E+37  1.167758E+01  1.286658E-12
 3.1535000E+02  9.910000E+37  1.167554E+01  1.282005E-12
 3.1540000E+02  9.910000E+37  1.167415E+01  1.295176E-12
 3.1545000E+02  9.910000E+37  1.167214E+01  1.291499E-12
 3.1550000E+02  9.910000E+37  1.167078E+01  1.278678E-12
 3.1555000E+02  9.910000E+37  1.166911E+01  1.278913E-12
 3.1560000E+02  9.910000E+37  1.166802E+01  1.305760E-12
 3.1565000E+02  9.910000E+37  1.166554E+01  1.288363E-12
 3.1570000E+02  9.910000E+37  1.166256E+01  1.285197E-12
 3.1575000E+02  9.910000E+37  1.166358E+01  1.290361E-12
 3.1580000E+02  9.910000E+37  1.165903E+01  1.287125E-12
 3.1585000E+02  9.910000E+37  1.165754E+01  1.291667E-12
 3.1590000E+02  9.910000E+37  1.165605E+01  1.288538E-12
 3.1595000E+02  9.910000E+37  1.165250E+01  1.288152E-12
 3.1600000E+02  9.910000E+37  1.165264E+01  1.294969E-12
 3.1605000E+02  9.910000E+37  1.165209E+01  1.284166E-12
 3.1610000E+02  9.910000E+37  1.165031E+01  1.279795E-12
 3.1615000E+02  9.910000E+37  1.164899E+01  1.275167E-12
 3.1620000E+02  9.910000E+37  1.164588E+01  1.289180E-12
 3.1625000E+02  9.910000E+37  1.164498E+01  1.276468E-12
 3.1630000E+02  9.910000E+37  1.164298E+01  1.283470E-12
 3.1635000E+02  9.910000E+37  1.163948E+01  1.276642E-12
 3.1640000E+02  9.910000E+37  1.163792E+01  1.295362E-12
 3.1645000E+02  9.910000E+37  1.163576E+01  1.278730E-12
 3.1650000E+02  9.910000E+37  1.163545E+01  1.277271E-12
 3.1655000E+02  9.910000E+37  1.163474E+01  1.275803E-12
 3.1660000E+02  9.910000E+37  1.163079E+01  1.280323E-12
 3.1665000E+02  9.910000E+37  1.162987E+01  1.280718E-12
 3.1670000E+02  9.910000E+37  1.162739E+01  1.279628E-12
 3.1675000E+02  9.910000E+37  1.162663E+01  1.275909E-12
 3.1680000E+02  9.910000E+37  1.162397E+01  1.275512E-12
 3.1685000E+02  9.910000E+37  1.162276E+01  1.273369E-12
 3.1690000E+02  9.910000E+37  1.161996E+01  1.270646E-12
 3.1695000E+02  9.910000E+37  1.161800E+01  1.273754E-12
 3.1700000E+02  9.910000E+37  1.161788E+01  1.265028E-12
 3.1705000E+02  9.910000E+37  1.161542E+01  1.272682E-12
 3.1710000E+02  9.910000E+37  1.161339E+01  1.262479E-12
 3.1715000E+02  9.910000E+37  1.161143E+01  1.261650E-12
 3.1720000E+02  9.910000E+37  1.160975E+01  1.271443E-12
 3.1725000E+02  9.910000E+37  1.160843E+01  1.266032E-12
 3.1730000E+02  9.910000E+37  1.160732E+01  1.260809E-12
 3.1735000E+02  9.910000E+37  1.160530E+01  1.274041E-12
 3.1740000E+02  9.910000E+37  1.160518E+01  1.264477E-12
 3.1745000E+02  9.910000E+37  1.160112E+01  1.261586E-12
 3.1750000E+02  9.910000E+37  1.159872E+01  1.254303E-12
 3.1755000E+02  9.910000E+37  1.159758E+01  1.269375E-12
 3.1760000E+02  9.910000E+37  1.159410E+01  1.258409E-12
 3.1765000E+02  9.910000E+37  1.159204E+01  1.254634E-12
 3.1770000E+02  9.910000E+37  1.159153E+01  1.260085E-12
 3.1775000E+02  9.910000E+37  1.159109E+01  1.261633E-12
 3.1780000E+02  9.910000E+37  1.158869E+01  1.250728E-12
 3.1785000E+02  9.910000E+37  1.158552E+01  1.260171E-12
 3.1790000E+02  9.910000E+37  1.158347E+01  1.256119E-12
 3.1795000E+02  9.910000E+37  1.158255E+01  1.248747E-12
 3.1800000E+02  9.910000E+37  1.158034E+01  1.253581E-12
 3.1805000E+02  9.910000E+37  1.158034E+01  1.252087E-12
 3.1810000E+02  9.910000E+37  1.157718E+01  1.250153E-12
 3.1815000E+02  9.910000E+37  1.157573E+01  1.250168E-12
 3.1820000E+02  9.910000E+37  1.157512E+01  1.252855E-12
 3.1825000E+02  9.910000E+37  1.157138E+01  1.247363E-12
 3.1830000E+02  9.910000E+37  1.156977E+01  1.262233E-12
 3.1835000E+02  9.910000E+37  1.156732E+01  1.247449E-12
 3.1840000E+02  9.910000E+37  1.156716E+01  1.252604E-12
 3.1845000E+02  9.910000E+37  1.156383E+01  1.249286E-12
 3.1850000E+02  9.910000E+37  1.156211E+01  1.249636E-12
 3.1855000E+02  9.910000E+37  1.156161E+01  1.255176E-12
 3.1860000E+02  9.910000E+37  1.155897E+01  1.246798E-12
 3.1865000E+02  9.910000E+37  1.155894E+01  1.253445E-12
 3.1870000E+02  9.910000E+37  1.155596E+01  1.246314E-12
 3.1875000E+02  9.910000E+37  1.155482E+01  1.253227E-12
 3.1880000E+02  9.910000E+37  1.155393E+01  1.255101E-12
 3.1885000E+02  9.910000E+37  1.155137E+01  1.246052E-12
 3.1890000E+02  9.910000E+37  1.154964E+01  1.250820E-12
 3.1895000E+02  9.910000E+37  1.154868E+01  1.260044E-12
 3.1900000E+02  9.910000E+37  1.154577E+01  1.250586E-12
 3.1905000E+02  9.910000E+37  1.154667E+01  1.252343E-12
 3.1910000E+02  9.910000E+37  1.154197E+01  1.264849E-12
 3.1915000E+02  9.910000E+37  1.154216E+01  1.265966E-12
 3.1920000E+02  9.910000E+37  1.153936E+01  1.253386E-12
 3.1925000E+02  9.910000E+37  1.153822E+01  1.253658E-12
 3.1930000E+02  9.910000E+37  1.153668E+01  1.257528E-12
 3.1935000E+02  9.910000E+37  1.153158E+01  1.260317E-12
 3.1940000E+02  9.910000E+37  1.153162E+01  1.256896E-12
 3.1945000E+02  9.910000E+37  1.153002E+01  1.264051E-12
 3.1950000E+02  9.910000E+37  1.152710E+01  1.269964E-12
 3.1955000E+02  9.910000E+37  1.152765E+01  1.255363E-12
 3.1960000E+02  9.910000E+37  1.152355E+01  1.259811E-12
 3.1965000E+02  9.910000E+37  1.152136E+01  1.266198E-12
 3.1970000E+02  9.910000E+37  1.152181E+01  1.266508E-12
 3.1975000E+02  9.910000E+37  1.152022E+01  1.265972E-12
 3.1980000E+02  9.910000E+37  1.151784E+01  1.271872E-12
 3.1985000E+02  9.910000E+37  1.151557E+01  1.269167E-12
 3.1990000E+02  9.910000E+37  1.151405E+01  1.268818E-12
 3.1995000E+02  9.910000E+37  1.151246E+01  1.276778E-12
 3.2000000E+02  9.910000E+37  1.151033E+01  1.287241E-12

