
 4.3000000E+02  9.910000E+37  9.255883E+00  1.312489E-12
 4.3025000E+02  9.910000E+37  9.255974E+00  1.300900E-12
 4.3050000E+02  9.910000E+37  9.251605E+00  1.302816E-12
 4.3075000E+02  9.910000E+37  9.252020E+00  1.305545E-12
 4.3100000E+02  9.910000E+37  9.249442E+00  1.310540E-12
 4.3125000E+02  9.910000E+37  9.247282E+00  1.306263E-12
 4.3150000E+02  9.910000E+37  9.246832E+00  1.321429E-12
 4.3175000E+02  9.910000E+37  9.246656E+00  1.310619E-12
 4.3200000E+02  9.910000E+37  9.242842E+00  1.313667E-12
 4.3225000E+02  9.910000E+37  9.240157E+00  1.307516E-12
 4.3250000E+02  9.910000E+37  9.239572E+00  1.304620E-12
 4.3275000E+02  9.910000E+37  9.235661E+00  1.311221E-12
 4.3300000E+02  9.910000E+37  9.235525E+00  1.315306E-12
 4.3325000E+02  9.910000E+37  9.233568E+00  1.318123E-12
 4.3350000E+02  9.910000E+37  9.232126E+00  1.317230E-12
 4.3375000E+02  9.910000E+37  9.230314E+00  1.315029E-12
 4.3400000E+02  9.910000E+37  9.228866E+00  1.314889E-12
 4.3425000E+02  9.910000E+37  9.227015E+00  1.312204E-12
 4.3450000E+02  9.910000E+37  9.226034E+00  1.322062E-12
 4.3475000E+02  9.910000E+37  9.224301E+00  1.321063E-12
 4.3500000E+02  9.910000E+37  9.220484E+00  1.320785E-12
 4.3525000E+02  9.910000E+37  9.219745E+00  1.317933E-12
 4.3550000E+02  9.910000E+37  9.217929E+00  1.311449E-12
 4.3575000E+02  9.910000E+37  9.217046E+00  1.324197E-12
 4.3600000E+02  9.910000E+37  9.216724E+00  1.320956E-12
 4.3625000E+02  9.910000E+37  9.214109E+00  1.321415E-12
 4.3650000E+02  9.910000E+37  9.212461E+00  1.329894E-12
 4.3675000E+02  9.910000E+37  9.209781E+00  1.323642E-12
 4.3700000E+02  9.910000E+37  9.208737E+00  1.328673E-12
 4.3725000E+02  9.910000E+37  9.206231E+00  1.325881E-12
 4.3750000E+02  9.910000E+37  9.204399E+00  1.328214E-12
 4.3775000E+02  9.910000E+37  9.203464E+00  1.325957E-12
 4.3800000E+02  9.910000E+37  9.201019E+00  1.331306E-12
 4.3825000E+02  9.910000E+37  9.199438E+00  1.336210E-12
 4.3850000E+02  9.910000E+37  9.197505E+00  1.333873E-12
 4.3875000E+02  9.910000E+37  9.196913E+00  1.348142E-12
 4.3900000E+02  9.910000E+37  9.193541E+00  1.337461E-12
 4.3925000E+02  9.910000E+37  9.192987E+00  1.342013E-12
 4.3950000E+02  9.910000E+37  9.190747E+00  1.336752E-12
 4.3975000E+02  9.910000E+37  9.188853E+00  1.342907E-12
 4.4000000E+02  9.910000E+37  9.186827E+00  1.342851E-12
 4.4025000E+02  9.910000E+37  9.184953E+00  1.338392E-12
 4.4050000E+02  9.910000E+37  9.184761E+00  1.333239E-12
 4.4075000E+02  9.910000E+37  9.182294E+00  1.337374E-12
 4.4100000E+02  9.910000E+37  9.180306E+00  1.343188E-12
 4.4125000E+02  9.910000E+37  9.179181E+00  1.338425E-12
 4.4150000E+02  9.910000E+37  9.176132E+00  1.339864E-12
 4.4175000E+02  9.910000E+37  9.174134E+00  1.340493E-12
 4.4200000E+02  9.910000E+37  9.173653E+00  1.346439E-12
 4.4225000E+02  9.910000E+37  9.171882E+00  1.353588E-12
 4.4250000E+02  9.910000E+37  9.168494E+00  1.349808E-12
 4.4275000E+02  9.910000E+37  9.167367E+00  1.344117E-12
 4.4300000E+02  9.910000E+37  9.165889E+00  1.342895E-12
 4.4325000E+02  9.910000E+37  9.163724E+00  1.338343E-12
 4.4350000E+02  9.910000E+37  9.163185E+00  1.342195E-12
 4.4375000E+02  9.910000E+37  9.160688E+00  1.356272E-12
 4.4400000E+02  9.910000E+37  9.159681E+00  1.335233E-12
 4.4425000E+02  9.910000E+37  9.158758E+00  1.341038E-12
 4.4450000E+02  9.910000E+37  9.157177E+00  1.337693E-12
 4.4475000E+02  9.910000E+37  9.155488E+00  1.328936E-12
 4.4500000E+02  9.910000E+37  9.153625E+00  1.342037E-12
 4.4525000E+02  9.910000E+37  9.151399E+00  1.335126E-12
 4.4550000E+02  9.910000E+37  9.149906E+00  1.331091E-12
 4.4575000E+02  9.910000E+37  9.148326E+00  1.341927E-12
 4.4600000E+02  9.910000E+37  9.145181E+00  1.331777E-12
 4.4625000E+02  9.910000E+37  9.141952E+00  1.341848E-12
 4.4650000E+02  9.910000E+37  9.143398E+00  1.336395E-12
 4.4675000E+02  9.910000E+37  9.141319E+00  1.332105E-12
 4.4700000E+02  9.910000E+37  9.139960E+00  1.338660E-12
 4.4725000E+02  9.910000E+37  9.138066E+00  1.333541E-12
 4.4750000E+02  9.910000E+37  9.135674E+00  1.329610E-12
 4.4775000E+02  9.910000E+37  9.135895E+00  1.340831E-12
 4.4800000E+02  9.910000E+37  9.132145E+00  1.321618E-12
 4.4825000E+02  9.910000E+37  9.129916E+00  1.324076E-12
 4.4850000E+02  9.910000E+37  9.129344E+00  1.320020E-12
 4.4875000E+02  9.910000E+37  9.126797E+00  1.311340E-12
 4.4900000E+02  9.910000E+37  9.125066E+00  1.312963E-12
 4.4925000E+02  9.910000E+37  9.126236E+00  1.318135E-12
 4.4950000E+02  9.910000E+37  9.125479E+00  1.302332E-12
 4.4975000E+02  9.910000E+37  9.121409E+00  1.305016E-12
 4.5000000E+02  9.910000E+37  9.120341E+00  1.285866E-12
 4.5025000E+02  9.910000E+37  9.117816E+00  1.296550E-12
 4.5050000E+02  9.910000E+37  9.116174E+00  1.289310E-12
 4.5075000E+02  9.910000E+37  9.114802E+00  1.286360E-12
 4.5100000E+02  9.910000E+37  9.114827E+00  1.273959E-12
 4.5125000E+02  9.910000E+37  9.112509E+00  1.262084E-12
 4.5150000E+02  9.910000E+37  9.109173E+00  1.251620E-12
 4.5175000E+02  9.910000E+37  9.105908E+00  1.235831E-12
 4.5200000E+02  9.910000E+37  9.106061E+00  1.222911E-12
 4.5225000E+02  9.910000E+37  9.102092E+00  1.194940E-12
 4.5250000E+02  9.910000E+37  9.100315E+00  1.167018E-12
 4.5275000E+02  9.910000E+37  9.098868E+00  1.114617E-12
 4.5300000E+02  9.910000E+37  9.098184E+00  1.027766E-12
 4.5325000E+02  9.910000E+37  9.098751E+00  7.716473E-13
 4.5350000E+02  9.910000E+37  9.096342E+00  4.549563E-13
 4.5375000E+02  9.910000E+37  9.093808E+00  2.717341E-13
 4.5400000E+02  9.910000E+37  9.093163E+00  1.352328E-13
 4.5425000E+02  9.910000E+37  9.090598E+00  7.157597E-14
 4.5450000E+02  9.910000E+37  9.088879E+00  3.054754E-14
 4.5475000E+02  9.910000E+37  9.086818E+00  2.254617E-14
 4.5500000E+02  9.910000E+37  9.086108E+00  1.014611E-14
 4.5525000E+02  9.910000E+37  9.084541E+00  1.046170E-14
 4.5550000E+02  9.910000E+37  9.083507E+00  2.491224E-15
 4.5575000E+02  9.910000E+37  9.081793E+00 -8.540569E-15
 4.5600000E+02  9.910000E+37  9.081070E+00  5.853484E-15
 4.5625000E+02  9.910000E+37  9.078724E+00  5.222299E-15
 4.5650000E+02  9.910000E+37  9.077563E+00 -1.484571E-15
 4.5675000E+02  9.910000E+37  9.074244E+00  3.627921E-15
 4.5700000E+02  9.910000E+37  9.074188E+00  1.036992E-15
 4.5725000E+02  9.910000E+37  9.071756E+00  9.433026E-15
 4.5750000E+02  9.910000E+37  9.070696E+00  5.554130E-15
 4.5775000E+02  9.910000E+37  9.069853E+00  6.704242E-15
 4.5800000E+02  9.910000E+37  9.068383E+00 -1.673608E-15
 4.5825000E+02  9.910000E+37  9.065127E+00  9.138611E-15
 4.5850000E+02  9.910000E+37  9.062690E+00  6.378766E-15
 4.5875000E+02  9.910000E+37  9.062104E+00  1.431094E-14
 4.5900000E+02  9.910000E+37  9.059939E+00  2.281340E-14
 4.5925000E+02  9.910000E+37  9.059741E+00  1.612630E-14
 4.5950000E+02  9.910000E+37  9.056807E+00  9.468323E-15
 4.5975000E+02  9.910000E+37  9.054525E+00  1.267738E-14
 4.6000000E+02  9.910000E+37  9.052856E+00  2.366081E-15
 4.6025000E+02  9.910000E+37  9.052889E+00  8.817903E-15
 4.6050000E+02  9.910000E+37  9.050634E+00  6.241091E-15
 4.6075000E+02  9.910000E+37  9.049769E+00  1.012263E-14
 4.6100000E+02  9.910000E+37  9.046701E+00  1.495201E-15
 4.6125000E+02  9.910000E+37  9.044227E+00  7.114618E-15
 4.6150000E+02  9.910000E+37  9.043521E+00  3.312152E-15
 4.6175000E+02  9.910000E+37  9.042954E+00  8.492246E-18
 4.6200000E+02  9.910000E+37  9.039173E+00  2.115090E-15
 4.6225000E+02  9.910000E+37  9.037970E+00  1.708773E-15
 4.6250000E+02  9.910000E+37  9.037187E+00  1.504626E-14
 4.6275000E+02  9.910000E+37  9.034884E+00  2.826056E-15

