
 2.8000000E+02  9.910000E+37  6.839774E+00  4.890030E-14
 2.8005000E+02  9.910000E+37  6.840076E+00  4.174826E-14
 2.8010000E+02  9.910000E+37  6.837432E+00  3.792497E-14
 2.8015000E+02  9.910000E+37  6.837064E+00  5.483335E-14
 2.8020000E+02  9.910000E+37  6.836074E+00  5.108065E-14
 2.8025000E+02  9.910000E+37  6.834577E+00  4.029050E-14
 2.8030000E+02  9.910000E+37  6.833568E+00  4.615650E-14
 2.8035000E+02  9.910000E+37  6.834969E+00  4.770781E-14
 2.8040000E+02  9.910000E+37  6.832709E+00  3.900289E-14
 2.8045000E+02  9.910000E+37  6.833246E+00  4.598812E-14
 2.8050000E+02  9.910000E+37  6.831735E+00  4.637821E-14
 2.8055000E+02  9.910000E+37  6.830395E+00  4.432578E-14
 2.8060000E+02  9.910000E+37  6.828271E+00  4.259639E-14
 2.8065000E+02  9.910000E+37  6.828153E+00  4.667102E-14
 2.8070000E+02  9.910000E+37  6.827330E+00  3.678174E-14
 2.8075000E+02  9.910000E+37  6.825961E+00  4.290933E-14
 2.8080000E+02  9.910000E+37  6.825952E+00  4.544343E-14
 2.8085000E+02  9.910000E+37  6.823972E+00  4.035810E-14
 2.8090000E+02  9.910000E+37  6.824317E+00  3.345831E-14
 2.8095000E+02  9.910000E+37  6.822658E+00  4.534491E-14
 2.8100000E+02  9.910000E+37  6.821850E+00  4.369442E-14
 2.8105000E+02  9.910000E+37  6.822413E+00  4.149761E-14
 2.8110000E+02  9.910000E+37  6.821212E+00  4.714070E-14
 2.8115000E+02  9.910000E+37  6.820185E+00  3.582438E-14
 2.8120000E+02  9.910000E+37  6.817396E+00  4.610055E-14
 2.8125000E+02  9.910000E+37  6.817674E+00  4.777612E-14
 2.8130000E+02  9.910000E+37  6.817562E+00  4.831588E-14
 2.8135000E+02  9.910000E+37  6.816300E+00  4.337849E-14
 2.8140000E+02  9.910000E+37  6.816985E+00  5.135655E-14
 2.8145000E+02  9.910000E+37  6.815254E+00  4.228079E-14
 2.8150000E+02  9.910000E+37  6.813116E+00  4.332800E-14
 2.8155000E+02  9.910000E+37  6.812080E+00  3.451787E-14
 2.8160000E+02  9.910000E+37  6.811488E+00  4.270512E-14
 2.8165000E+02  9.910000E+37  6.811156E+00  3.701244E-14
 2.8170000E+02  9.910000E+37  6.809340E+00  4.780032E-14
 2.8175000E+02  9.910000E+37  6.810602E+00  4.583032E-14
 2.8180000E+02  9.910000E+37  6.810234E+00  3.814772E-14
 2.8185000E+02  9.910000E+37  6.809709E+00  5.266550E-14
 2.8190000E+02  9.910000E+37  6.808677E+00  4.407374E-14
 2.8195000E+02  9.910000E+37  6.806048E+00  4.108355E-14
 2.8200000E+02  9.910000E+37  6.806164E+00  3.421622E-14
 2.8205000E+02  9.910000E+37  6.805194E+00  4.072701E-14
 2.8210000E+02  9.910000E+37  6.804612E+00  3.499479E-14
 2.8215000E+02  9.910000E+37  6.802374E+00  4.227407E-14
 2.8220000E+02  9.910000E+37  6.801513E+00  4.262390E-14
 2.8225000E+02  9.910000E+37  6.800829E+00  4.148351E-14
 2.8230000E+02  9.910000E+37  6.799227E+00  4.823010E-14
 2.8235000E+02  9.910000E+37  6.798873E+00  3.802433E-14
 2.8240000E+02  9.910000E+37  6.797480E+00  4.303817E-14
 2.8245000E+02  9.910000E+37  6.798562E+00  4.437273E-14
 2.8250000E+02  9.910000E+37  6.795726E+00  4.449610E-14
 2.8255000E+02  9.910000E+37  6.796028E+00  4.674938E-14
 2.8260000E+02  9.910000E+37  6.794276E+00  4.462337E-14
 2.8265000E+02  9.910000E+37  6.794314E+00  3.311889E-14
 2.8270000E+02  9.910000E+37  6.793678E+00  3.367225E-14
 2.8275000E+02  9.910000E+37  6.793415E+00  4.480270E-14
 2.8280000E+02  9.910000E+37  6.792219E+00  5.636260E-14
 2.8285000E+02  9.910000E+37  6.788432E+00  3.779418E-14
 2.8290000E+02  9.910000E+37  6.790327E+00  4.609349E-14
 2.8295000E+02  9.910000E+37  6.788671E+00  3.913650E-14
 2.8300000E+02  9.910000E+37  6.788758E+00  4.257061E-14
 2.8305000E+02  9.910000E+37  6.788295E+00  4.270987E-14
 2.8310000E+02  9.910000E+37  6.787799E+00  3.579190E-14
 2.8315000E+02  9.910000E+37  6.787773E+00  4.604107E-14
 2.8320000E+02  9.910000E+37  6.786555E+00  4.029138E-14
 2.8325000E+02  9.910000E+37  6.786094E+00  4.506093E-14
 2.8330000E+02  9.910000E+37  6.784770E+00  4.476563E-14
 2.8335000E+02  9.910000E+37  6.784038E+00  3.908162E-14
 2.8340000E+02  9.910000E+37  6.782349E+00  4.629718E-14
 2.8345000E+02  9.910000E+37  6.781742E+00  5.211499E-14
 2.8350000E+02  9.910000E+37  6.781314E+00  4.009122E-14
 2.8355000E+02  9.910000E+37  6.780281E+00  3.862411E-14
 2.8360000E+02  9.910000E+37  6.778752E+00  3.535752E-14
 2.8365000E+02  9.910000E+37  6.778827E+00  4.067440E-14
 2.8370000E+02  9.910000E+37  6.777421E+00  5.623710E-14
 2.8375000E+02  9.910000E+37  6.777038E+00  3.825204E-14
 2.8380000E+02  9.910000E+37  6.774937E+00  4.447898E-14
 2.8385000E+02  9.910000E+37  6.775609E+00  4.935460E-14
 2.8390000E+02  9.910000E+37  6.775046E+00  5.178545E-14
 2.8395000E+02  9.910000E+37  6.772983E+00  5.078924E-14
 2.8400000E+02  9.910000E+37  6.771983E+00  4.918023E-14
 2.8405000E+02  9.910000E+37  6.772708E+00  4.590956E-14
 2.8410000E+02  9.910000E+37  6.771828E+00  6.070660E-14
 2.8415000E+02  9.910000E+37  6.769799E+00  6.184577E-14
 2.8420000E+02  9.910000E+37  6.769627E+00  5.052538E-14
 2.8425000E+02  9.910000E+37  6.769225E+00  5.479188E-14
 2.8430000E+02  9.910000E+37  6.770340E+00  8.393089E-14
 2.8435000E+02  9.910000E+37  6.766402E+00  7.306293E-14
 2.8440000E+02  9.910000E+37  6.764664E+00  7.839213E-14
 2.8445000E+02  9.910000E+37  6.765181E+00  9.723837E-14
 2.8450000E+02  9.910000E+37  6.764785E+00  1.049090E-13
 2.8455000E+02  9.910000E+37  6.764467E+00  1.265931E-13
 2.8460000E+02  9.910000E+37  6.763201E+00  1.372061E-13
 2.8465000E+02  9.910000E+37  6.762673E+00  1.505553E-13
 2.8470000E+02  9.910000E+37  6.762848E+00  1.712604E-13
 2.8475000E+02  9.910000E+37  6.761056E+00  1.764174E-13
 2.8480000E+02  9.910000E+37  6.760871E+00  1.837803E-13
 2.8485000E+02  9.910000E+37  6.760282E+00  1.972671E-13
 2.8490000E+02  9.910000E+37  6.756234E+00  2.163910E-13
 2.8495000E+02  9.910000E+37  6.756255E+00  2.120845E-13
 2.8500000E+02  9.910000E+37  6.755767E+00  2.195268E-13
 2.8505000E+02  9.910000E+37  6.754916E+00  2.214915E-13
 2.8510000E+02  9.910000E+37  6.753887E+00  2.328991E-13
 2.8515000E+02  9.910000E+37  6.752221E+00  2.221718E-13
 2.8520000E+02  9.910000E+37  6.753098E+00  2.266280E-13
 2.8525000E+02  9.910000E+37  6.751563E+00  2.231644E-13
 2.8530000E+02  9.910000E+37  6.751360E+00  2.129102E-13
 2.8535000E+02  9.910000E+37  6.749707E+00  2.073492E-13
 2.8540000E+02  9.910000E+37  6.748670E+00  1.961577E-13
 2.8545000E+02  9.910000E+37  6.748238E+00  1.896401E-13
 2.8550000E+02  9.910000E+37  6.747434E+00  1.769635E-13
 2.8555000E+02  9.910000E+37  6.746301E+00  1.720551E-13
 2.8560000E+02  9.910000E+37  6.745903E+00  1.414734E-13
 2.8565000E+02  9.910000E+37  6.745063E+00  1.319927E-13
 2.8570000E+02  9.910000E+37  6.743876E+00  1.347013E-13
 2.8575000E+02  9.910000E+37  6.743972E+00  1.291890E-13
 2.8580000E+02  9.910000E+37  6.742682E+00  1.225126E-13
 2.8585000E+02  9.910000E+37  6.741286E+00  1.152593E-13
 2.8590000E+02  9.910000E+37  6.738672E+00  1.062084E-13
 2.8595000E+02  9.910000E+37  6.739010E+00  1.084117E-13
 2.8600000E+02  9.910000E+37  6.737764E+00  1.030724E-13
 2.8605000E+02  9.910000E+37  6.737528E+00  1.132286E-13
 2.8610000E+02  9.910000E+37  6.736093E+00  1.144302E-13
 2.8615000E+02  9.910000E+37  6.736093E+00  1.063193E-13
 2.8620000E+02  9.910000E+37  6.735145E+00  1.073892E-13
 2.8625000E+02  9.910000E+37  6.732999E+00  1.018510E-13
 2.8630000E+02  9.910000E+37  6.733353E+00  1.036242E-13
 2.8635000E+02  9.910000E+37  6.733112E+00  1.133360E-13
 2.8640000E+02  9.910000E+37  6.731676E+00  1.047628E-13
 2.8645000E+02  9.910000E+37  6.729990E+00  1.099851E-13
 2.8650000E+02  9.910000E+37  6.728894E+00  1.081406E-13
 2.8655000E+02  9.910000E+37  6.727008E+00  1.109632E-13
 2.8660000E+02  9.910000E+37  6.727269E+00  1.216031E-13
 2.8665000E+02  9.910000E+37  6.727001E+00  1.161801E-13
 2.8670000E+02  9.910000E+37  6.726072E+00  1.258087E-13
 2.8675000E+02  9.910000E+37  6.725327E+00  1.267590E-13
 2.8680000E+02  9.910000E+37  6.725028E+00  1.254637E-13
 2.8685000E+02  9.910000E+37  6.724374E+00  1.221196E-13
 2.8690000E+02  9.910000E+37  6.724065E+00  1.354045E-13
 2.8695000E+02  9.910000E+37  6.723366E+00  1.253106E-13
 2.8700000E+02  9.910000E+37  6.723519E+00  1.237886E-13
 2.8705000E+02  9.910000E+37  6.722445E+00  1.254758E-13
 2.8710000E+02  9.910000E+37  6.720855E+00  1.202687E-13
 2.8715000E+02  9.910000E+37  6.719813E+00  1.257004E-13
 2.8720000E+02  9.910000E+37  6.719155E+00  1.280758E-13
 2.8725000E+02  9.910000E+37  6.717213E+00  1.321846E-13
 2.8730000E+02  9.910000E+37  6.717456E+00  1.427492E-13
 2.8735000E+02  9.910000E+37  6.716631E+00  1.437892E-13
 2.8740000E+02  9.910000E+37  6.715697E+00  1.416806E-13
 2.8745000E+02  9.910000E+37  6.716838E+00  1.426404E-13
 2.8750000E+02  9.910000E+37  6.716370E+00  1.341897E-13
 2.8755000E+02  9.910000E+37  6.714321E+00  1.413748E-13
 2.8760000E+02  9.910000E+37  6.712605E+00  1.400008E-13
 2.8765000E+02  9.910000E+37  6.711386E+00  1.385553E-13
 2.8770000E+02  9.910000E+37  6.711232E+00  1.330859E-13
 2.8775000E+02  9.910000E+37  6.711357E+00  1.369487E-13
 2.8780000E+02  9.910000E+37  6.709314E+00  1.456617E-13
 2.8785000E+02  9.910000E+37  6.708743E+00  1.465791E-13
 2.8790000E+02  9.910000E+37  6.707830E+00  1.473013E-13
 2.8795000E+02  9.910000E+37  6.707558E+00  1.451924E-13
 2.8800000E+02  9.910000E+37  6.705856E+00  1.535440E-13
 2.8805000E+02  9.910000E+37  6.705907E+00  1.559293E-13
 2.8810000E+02  9.910000E+37  6.703368E+00  1.539304E-13
 2.8815000E+02  9.910000E+37  6.702732E+00  1.538783E-13
 2.8820000E+02  9.910000E+37  6.703636E+00  1.454284E-13
 2.8825000E+02  9.910000E+37  6.702082E+00  1.454890E-13
 2.8830000E+02  9.910000E+37  6.701069E+00  1.445891E-13
 2.8835000E+02  9.910000E+37  6.700161E+00  1.455590E-13
 2.8840000E+02  9.910000E+37  6.698517E+00  1.659458E-13
 2.8845000E+02  9.910000E+37  6.697792E+00  1.556164E-13
 2.8850000E+02  9.910000E+37  6.696822E+00  1.537980E-13
 2.8855000E+02  9.910000E+37  6.696703E+00  1.457626E-13
 2.8860000E+02  9.910000E+37  6.695481E+00  1.580334E-13
 2.8865000E+02  9.910000E+37  6.695171E+00  1.469656E-13
 2.8870000E+02  9.910000E+37  6.694766E+00  1.532196E-13
 2.8875000E+02  9.910000E+37  6.692830E+00  1.562588E-13
 2.8880000E+02  9.910000E+37  6.693878E+00  1.523118E-13
 2.8885000E+02  9.910000E+37  6.691027E+00  1.638433E-13
 2.8890000E+02  9.910000E+37  6.691817E+00  1.553016E-13
 2.8895000E+02  9.910000E+37  6.689835E+00  1.513302E-13
 2.8900000E+02  9.910000E+37  6.688730E+00  1.547338E-13
 2.8905000E+02  9.910000E+37  6.688648E+00  1.494482E-13
 2.8910000E+02  9.910000E+37  6.689834E+00  1.577531E-13
 2.8915000E+02  9.910000E+37  6.688781E+00  1.582894E-13
 2.8920000E+02  9.910000E+37  6.687305E+00  1.764156E-13
 2.8925000E+02  9.910000E+37  6.684963E+00  1.660380E-13
 2.8930000E+02  9.910000E+37  6.685601E+00  1.565519E-13
 2.8935000E+02  9.910000E+37  6.683798E+00  1.708133E-13
 2.8940000E+02  9.910000E+37  6.683320E+00  1.745456E-13
 2.8945000E+02  9.910000E+37  6.681043E+00  1.729453E-13
 2.8950000E+02  9.910000E+37  6.680010E+00  1.724457E-13
 2.8955000E+02  9.910000E+37  6.681107E+00  1.772612E-13
 2.8960000E+02  9.910000E+37  6.680633E+00  1.750525E-13
 2.8965000E+02  9.910000E+37  6.679460E+00  1.704524E-13
 2.8970000E+02  9.910000E+37  6.677976E+00  1.786926E-13
 2.8975000E+02  9.910000E+37  6.678378E+00  1.783027E-13
 2.8980000E+02  9.910000E+37  6.676789E+00  1.783612E-13
 2.8985000E+02  9.910000E+37  6.676276E+00  1.811241E-13
 2.8990000E+02  9.910000E+37  6.675474E+00  1.820576E-13
 2.8995000E+02  9.910000E+37  6.673275E+00  1.757459E-13
 2.9000000E+02  9.910000E+37  6.672687E+00  1.911135E-13
 2.9005000E+02  9.910000E+37  6.671323E+00  1.829033E-13
 2.9010000E+02  9.910000E+37  6.670875E+00  1.871275E-13
 2.9015000E+02  9.910000E+37  6.670351E+00  1.970778E-13
 2.9020000E+02  9.910000E+37  6.670090E+00  1.986801E-13
 2.9025000E+02  9.910000E+37  6.668272E+00  1.883066E-13
 2.9030000E+02  9.910000E+37  6.668054E+00  2.063743E-13
 2.9035000E+02  9.910000E+37  6.668153E+00  2.085782E-13
 2.9040000E+02  9.910000E+37  6.668079E+00  2.215134E-13
 2.9045000E+02  9.910000E+37  6.666903E+00  2.253327E-13
 2.9050000E+02  9.910000E+37  6.664101E+00  2.333627E-13
 2.9055000E+02  9.910000E+37  6.664999E+00  2.557423E-13
 2.9060000E+02  9.910000E+37  6.664652E+00  2.605463E-13
 2.9065000E+02  9.910000E+37  6.665071E+00  2.687465E-13
 2.9070000E+02  9.910000E+37  6.661774E+00  2.784986E-13
 2.9075000E+02  9.910000E+37  6.659776E+00  3.014488E-13
 2.9080000E+02  9.910000E+37  6.660443E+00  3.265831E-13
 2.9085000E+02  9.910000E+37  6.659170E+00  3.515268E-13
 2.9090000E+02  9.910000E+37  6.658232E+00  3.868298E-13
 2.9095000E+02  9.910000E+37  6.657800E+00  4.331168E-13
 2.9100000E+02  9.910000E+37  6.656667E+00  4.765675E-13
 2.9105000E+02  9.910000E+37  6.656956E+00  5.756853E-13
 2.9110000E+02  9.910000E+37  6.654946E+00  6.934705E-13
 2.9115000E+02  9.910000E+37  6.655420E+00  8.262061E-13
 2.9120000E+02  9.910000E+37  6.654380E+00  9.672210E-13
 2.9125000E+02  9.910000E+37  6.653373E+00  1.104195E-12
 2.9130000E+02  9.910000E+37  6.652047E+00  1.224550E-12
 2.9135000E+02  9.910000E+37  6.651593E+00  1.288516E-12
 2.9140000E+02  9.910000E+37  6.650300E+00  1.320204E-12
 2.9145000E+02  9.910000E+37  6.650759E+00  1.342861E-12
 2.9150000E+02  9.910000E+37  6.648751E+00  1.329803E-12
 2.9155000E+02  9.910000E+37  6.648164E+00  1.275787E-12
 2.9160000E+02  9.910000E+37  6.647555E+00  1.199660E-12
 2.9165000E+02  9.910000E+37  6.646923E+00  1.122705E-12
 2.9170000E+02  9.910000E+37  6.645953E+00  1.039096E-12
 2.9175000E+02  9.910000E+37  6.645006E+00  9.839478E-13
 2.9180000E+02  9.910000E+37  6.644524E+00  9.553039E-13
 2.9185000E+02  9.910000E+37  6.644510E+00  9.544980E-13
 2.9190000E+02  9.910000E+37  6.641950E+00  9.790729E-13
 2.9195000E+02  9.910000E+37  6.642477E+00  9.813822E-13
 2.9200000E+02  9.910000E+37  6.643407E+00  1.001205E-12
 2.9205000E+02  9.910000E+37  6.639664E+00  1.022907E-12
 2.9210000E+02  9.910000E+37  6.639218E+00  1.025188E-12
 2.9215000E+02  9.910000E+37  6.638438E+00  1.028617E-12
 2.9220000E+02  9.910000E+37  6.639191E+00  1.051974E-12
 2.9225000E+02  9.910000E+37  6.637739E+00  1.049551E-12
 2.9230000E+02  9.910000E+37  6.636933E+00  1.057967E-12
 2.9235000E+02  9.910000E+37  6.634764E+00  1.062344E-12
 2.9240000E+02  9.910000E+37  6.634031E+00  1.072024E-12
 2.9245000E+02  9.910000E+37  6.633331E+00  1.068279E-12
 2.9250000E+02  9.910000E+37  6.634365E+00  1.063792E-12
 2.9255000E+02  9.910000E+37  6.631657E+00  1.061279E-12
 2.9260000E+02  9.910000E+37  6.632332E+00  1.056263E-12
 2.9265000E+02  9.910000E+37  6.630892E+00  1.048199E-12
 2.9270000E+02  9.910000E+37  6.629744E+00  1.049174E-12
 2.9275000E+02  9.910000E+37  6.628685E+00  1.035012E-12
 2.9280000E+02  9.910000E+37  6.628298E+00  1.019902E-12
 2.9285000E+02  9.910000E+37  6.627163E+00  1.023801E-12
 2.9290000E+02  9.910000E+37  6.625740E+00  9.975408E-13
 2.9295000E+02  9.910000E+37  6.626292E+00  9.946202E-13
 2.9300000E+02  9.910000E+37  6.624769E+00  9.681453E-13
 2.9305000E+02  9.910000E+37  6.624675E+00  9.494947E-13
 2.9310000E+02  9.910000E+37  6.624188E+00  9.331938E-13
 2.9315000E+02  9.910000E+37  6.623355E+00  9.163890E-13
 2.9320000E+02  9.910000E+37  6.622693E+00  9.068618E-13
 2.9325000E+02  9.910000E+37  6.622063E+00  9.025433E-13
 2.9330000E+02  9.910000E+37  6.620925E+00  8.838120E-13
 2.9335000E+02  9.910000E+37  6.620315E+00  8.761683E-13
 2.9340000E+02  9.910000E+37  6.619218E+00  8.662435E-13
 2.9345000E+02  9.910000E+37  6.619616E+00  8.518972E-13
 2.9350000E+02  9.910000E+37  6.619681E+00  8.328422E-13
 2.9355000E+02  9.910000E+37  6.617645E+00  8.243409E-13
 2.9360000E+02  9.910000E+37  6.615865E+00  8.154796E-13
 2.9365000E+02  9.910000E+37  6.616033E+00  8.046801E-13
 2.9370000E+02  9.910000E+37  6.614048E+00  8.040938E-13
 2.9375000E+02  9.910000E+37  6.612953E+00  7.975614E-13
 2.9380000E+02  9.910000E+37  6.612139E+00  7.834746E-13
 2.9385000E+02  9.910000E+37  6.611770E+00  7.855774E-13
 2.9390000E+02  9.910000E+37  6.610760E+00  7.690337E-13
 2.9395000E+02  9.910000E+37  6.610259E+00  7.791988E-13
 2.9400000E+02  9.910000E+37  6.608554E+00  7.852796E-13
 2.9405000E+02  9.910000E+37  6.608839E+00  7.717500E-13
 2.9410000E+02  9.910000E+37  6.607873E+00  7.560871E-13
 2.9415000E+02  9.910000E+37  6.608673E+00  7.665716E-13
 2.9420000E+02  9.910000E+37  6.607017E+00  7.647025E-13
 2.9425000E+02  9.910000E+37  6.605772E+00  7.623566E-13
 2.9430000E+02  9.910000E+37  6.602308E+00  7.672917E-13
 2.9435000E+02  9.910000E+37  6.602978E+00  7.671087E-13
 2.9440000E+02  9.910000E+37  6.604435E+00  7.711124E-13
 2.9445000E+02  9.910000E+37  6.603009E+00  7.665778E-13
 2.9450000E+02  9.910000E+37  6.601942E+00  7.728621E-13
 2.9455000E+02  9.910000E+37  6.600135E+00  7.727816E-13
 2.9460000E+02  9.910000E+37  6.599903E+00  7.853229E-13
 2.9465000E+02  9.910000E+37  6.600063E+00  7.702415E-13
 2.9470000E+02  9.910000E+37  6.598814E+00  7.699928E-13
 2.9475000E+02  9.910000E+37  6.598194E+00  7.776022E-13
 2.9480000E+02  9.910000E+37  6.596637E+00  7.822658E-13
 2.9485000E+02  9.910000E+37  6.596740E+00  7.766651E-13
 2.9490000E+02  9.910000E+37  6.595560E+00  7.869096E-13
 2.9495000E+02  9.910000E+37  6.594294E+00  7.777394E-13
 2.9500000E+02  9.910000E+37  6.592883E+00  7.854654E-13
 2.9505000E+02  9.910000E+37  6.594605E+00  7.786744E-13
 2.9510000E+02  9.910000E+37  6.594395E+00  7.859907E-13
 2.9515000E+02  9.910000E+37  6.593931E+00  7.935852E-13
 2.9520000E+02  9.910000E+37  6.590186E+00  7.855944E-13
 2.9525000E+02  9.910000E+37  6.590725E+00  7.769746E-13
 2.9530000E+02  9.910000E+37  6.590819E+00  7.809437E-13
 2.9535000E+02  9.910000E+37  6.587851E+00  7.935425E-13
 2.9540000E+02  9.910000E+37  6.585573E+00  8.031789E-13
 2.9545000E+02  9.910000E+37  6.586355E+00  8.005419E-13
 2.9550000E+02  9.910000E+37  6.584933E+00  7.927493E-13
 2.9555000E+02  9.910000E+37  6.584067E+00  8.072752E-13
 2.9560000E+02  9.910000E+37  6.583737E+00  8.115883E-13
 2.9565000E+02  9.910000E+37  6.582279E+00  8.080967E-13
 2.9570000E+02  9.910000E+37  6.581744E+00  8.110805E-13
 2.9575000E+02  9.910000E+37  6.581272E+00  8.208485E-13
 2.9580000E+02  9.910000E+37  6.580834E+00  8.205722E-13
 2.9585000E+02  9.910000E+37  6.579691E+00  8.202432E-13
 2.9590000E+02  9.910000E+37  6.578752E+00  8.335320E-13
 2.9595000E+02  9.910000E+37  6.578409E+00  8.320520E-13
 2.9600000E+02  9.910000E+37  6.577919E+00  8.353636E-13
 2.9605000E+02  9.910000E+37  6.576928E+00  8.417634E-13
 2.9610000E+02  9.910000E+37  6.576335E+00  8.372291E-13
 2.9615000E+02  9.910000E+37  6.575263E+00  8.353789E-13
 2.9620000E+02  9.910000E+37  6.573227E+00  8.487097E-13
 2.9625000E+02  9.910000E+37  6.572006E+00  8.520997E-13
 2.9630000E+02  9.910000E+37  6.571601E+00  8.557596E-13
 2.9635000E+02  9.910000E+37  6.571689E+00  8.639995E-13
 2.9640000E+02  9.910000E+37  6.569710E+00  8.596707E-13
 2.9645000E+02  9.910000E+37  6.570398E+00  8.665291E-13
 2.9650000E+02  9.910000E+37  6.568187E+00  8.628690E-13
 2.9655000E+02  9.910000E+37  6.568390E+00  8.689688E-13
 2.9660000E+02  9.910000E+37  6.566002E+00  8.658131E-13
 2.9665000E+02  9.910000E+37  6.566167E+00  8.716657E-13
 2.9670000E+02  9.910000E+37  6.566662E+00  8.747931E-13
 2.9675000E+02  9.910000E+37  6.564569E+00  8.816515E-13
 2.9680000E+02  9.910000E+37  6.564027E+00  8.865013E-13
 2.9685000E+02  9.910000E+37  6.564612E+00  8.756337E-13
 2.9690000E+02  9.910000E+37  6.564032E+00  8.769161E-13
 2.9695000E+02  9.910000E+37  6.561558E+00  8.759816E-13
 2.9700000E+02  9.910000E+37  6.561919E+00  8.860997E-13
 2.9705000E+02  9.910000E+37  6.560350E+00  8.839226E-13
 2.9710000E+02  9.910000E+37  6.559538E+00  8.905096E-13
 2.9715000E+02  9.910000E+37  6.558264E+00  8.884567E-13
 2.9720000E+02  9.910000E+37  6.558354E+00  8.788305E-13
 2.9725000E+02  9.910000E+37  6.557594E+00  8.959118E-13
 2.9730000E+02  9.910000E+37  6.555863E+00  8.907508E-13
 2.9735000E+02  9.910000E+37  6.555991E+00  8.882571E-13
 2.9740000E+02  9.910000E+37  6.555145E+00  8.890833E-13
 2.9745000E+02  9.910000E+37  6.554625E+00  8.993654E-13
 2.9750000E+02  9.910000E+37  6.554174E+00  8.872518E-13
 2.9755000E+02  9.910000E+37  6.552141E+00  8.874358E-13
 2.9760000E+02  9.910000E+37  6.551733E+00  8.899008E-13
 2.9765000E+02  9.910000E+37  6.550446E+00  9.029773E-13
 2.9770000E+02  9.910000E+37  6.550446E+00  8.933638E-13
 2.9775000E+02  9.910000E+37  6.550500E+00  8.836255E-13
 2.9780000E+02  9.910000E+37  6.549777E+00  8.926838E-13
 2.9785000E+02  9.910000E+37  6.547393E+00  8.915883E-13
 2.9790000E+02  9.910000E+37  6.547769E+00  8.995644E-13
 2.9795000E+02  9.910000E+37  6.546600E+00  8.809162E-13
 2.9800000E+02  9.910000E+37  6.545882E+00  8.815013E-13
 2.9805000E+02  9.910000E+37  6.545649E+00  8.813510E-13
 2.9810000E+02  9.910000E+37  6.544072E+00  8.862707E-13
 2.9815000E+02  9.910000E+37  6.543452E+00  8.779801E-13
 2.9820000E+02  9.910000E+37  6.541908E+00  8.802322E-13
 2.9825000E+02  9.910000E+37  6.542062E+00  8.715079E-13
 2.9830000E+02  9.910000E+37  6.540903E+00  8.876041E-13
 2.9835000E+02  9.910000E+37  6.539610E+00  8.751364E-13
 2.9840000E+02  9.910000E+37  6.538493E+00  8.706252E-13
 2.9845000E+02  9.910000E+37  6.537729E+00  8.744413E-13
 2.9850000E+02  9.910000E+37  6.538698E+00  8.748222E-13
 2.9855000E+02  9.910000E+37  6.537921E+00  8.764862E-13
 2.9860000E+02  9.910000E+37  6.538327E+00  8.637764E-13
 2.9865000E+02  9.910000E+37  6.536530E+00  8.705397E-13
 2.9870000E+02  9.910000E+37  6.534958E+00  8.700984E-13
 2.9875000E+02  9.910000E+37  6.535579E+00  8.691689E-13
 2.9880000E+02  9.910000E+37  6.534640E+00  8.582376E-13
 2.9885000E+02  9.910000E+37  6.533075E+00  8.643622E-13
 2.9890000E+02  9.910000E+37  6.534216E+00  8.668027E-13
 2.9895000E+02  9.910000E+37  6.533578E+00  8.614445E-13
 2.9900000E+02  9.910000E+37  6.530813E+00  8.617647E-13
 2.9905000E+02  9.910000E+37  6.529794E+00  8.640291E-13
 2.9910000E+02  9.910000E+37  6.530106E+00  8.602947E-13
 2.9915000E+02  9.910000E+37  6.529127E+00  8.581972E-13
 2.9920000E+02  9.910000E+37  6.529495E+00  8.657799E-13
 2.9925000E+02  9.910000E+37  6.527106E+00  8.686380E-13
 2.9930000E+02  9.910000E+37  6.525599E+00  8.622538E-13
 2.9935000E+02  9.910000E+37  6.525840E+00  8.632388E-13
 2.9940000E+02  9.910000E+37  6.526526E+00  8.510444E-13
 2.9945000E+02  9.910000E+37  6.525291E+00  8.626239E-13
 2.9950000E+02  9.910000E+37  6.523548E+00  8.511477E-13
 2.9955000E+02  9.910000E+37  6.521262E+00  8.648223E-13
 2.9960000E+02  9.910000E+37  6.521016E+00  8.629823E-13
 2.9965000E+02  9.910000E+37  6.522626E+00  8.744131E-13
 2.9970000E+02  9.910000E+37  6.520250E+00  8.595347E-13
 2.9975000E+02  9.910000E+37  6.519487E+00  8.660275E-13
 2.9980000E+02  9.910000E+37  6.519648E+00  8.633632E-13
 2.9985000E+02  9.910000E+37  6.519714E+00  8.677290E-13
 2.9990000E+02  9.910000E+37  6.518087E+00  8.611851E-13
 2.9995000E+02  9.910000E+37  6.515677E+00  8.703119E-13
 3.0000000E+02  9.910000E+37  6.516346E+00  8.757969E-13
 3.0005000E+02  9.910000E+37  6.516800E+00  8.733446E-13
 3.0010000E+02  9.910000E+37  6.514659E+00  8.867078E-13
 3.0015000E+02  9.910000E+37  6.514271E+00  8.779157E-13
 3.0020000E+02  9.910000E+37  6.514303E+00  8.828089E-13
 3.0025000E+02  9.910000E+37  6.513120E+00  8.829394E-13
 3.0030000E+02  9.910000E+37  6.512044E+00  8.791963E-13
 3.0035000E+02  9.910000E+37  6.511523E+00  8.843442E-13
 3.0040000E+02  9.910000E+37  6.509096E+00  8.828713E-13
 3.0045000E+02  9.910000E+37  6.509632E+00  8.872256E-13
 3.0050000E+02  9.910000E+37  6.509486E+00  8.811087E-13
 3.0055000E+02  9.910000E+37  6.507826E+00  8.746667E-13
 3.0060000E+02  9.910000E+37  6.507338E+00  8.860191E-13
 3.0065000E+02  9.910000E+37  6.506984E+00  8.885755E-13
 3.0070000E+02  9.910000E+37  6.506611E+00  8.856222E-13
 3.0075000E+02  9.910000E+37  6.504611E+00  8.891795E-13
 3.0080000E+02  9.910000E+37  6.502521E+00  8.910177E-13
 3.0085000E+02  9.910000E+37  6.502281E+00  8.894669E-13
 3.0090000E+02  9.910000E+37  6.501482E+00  9.003194E-13
 3.0095000E+02  9.910000E+37  6.500716E+00  8.894508E-13
 3.0100000E+02  9.910000E+37  6.499504E+00  8.930691E-13
 3.0105000E+02  9.910000E+37  6.500499E+00  8.920343E-13
 3.0110000E+02  9.910000E+37  6.497715E+00  8.862911E-13
 3.0115000E+02  9.910000E+37  6.497403E+00  8.946085E-13
 3.0120000E+02  9.910000E+37  6.497248E+00  8.977427E-13
 3.0125000E+02  9.910000E+37  6.496857E+00  8.879030E-13
 3.0130000E+02  9.910000E+37  6.496367E+00  8.853784E-13
 3.0135000E+02  9.910000E+37  6.495667E+00  8.940454E-13
 3.0140000E+02  9.910000E+37  6.496363E+00  8.823811E-13
 3.0145000E+02  9.910000E+37  6.496113E+00  8.966054E-13
 3.0150000E+02  9.910000E+37  6.494443E+00  8.999810E-13
 3.0155000E+02  9.910000E+37  6.492569E+00  9.037235E-13
 3.0160000E+02  9.910000E+37  6.492212E+00  8.997718E-13
 3.0165000E+02  9.910000E+37  6.491504E+00  9.070086E-13
 3.0170000E+02  9.910000E+37  6.491261E+00  9.053835E-13
 3.0175000E+02  9.910000E+37  6.489257E+00  9.004857E-13
 3.0180000E+02  9.910000E+37  6.489786E+00  9.069502E-13
 3.0185000E+02  9.910000E+37  6.488484E+00  8.988740E-13
 3.0190000E+02  9.910000E+37  6.489099E+00  9.066385E-13
 3.0195000E+02  9.910000E+37  6.487862E+00  9.055793E-13
 3.0200000E+02  9.910000E+37  6.485928E+00  9.138935E-13
 3.0205000E+02  9.910000E+37  6.486848E+00  9.055893E-13
 3.0210000E+02  9.910000E+37  6.485034E+00  9.045323E-13
 3.0215000E+02  9.910000E+37  6.482499E+00  9.179530E-13
 3.0220000E+02  9.910000E+37  6.483361E+00  9.041575E-13
 3.0225000E+02  9.910000E+37  6.482685E+00  9.256520E-13
 3.0230000E+02  9.910000E+37  6.481809E+00  9.265360E-13
 3.0235000E+02  9.910000E+37  6.481814E+00  9.224313E-13
 3.0240000E+02  9.910000E+37  6.481288E+00  9.255330E-13
 3.0245000E+02  9.910000E+37  6.479827E+00  9.221168E-13
 3.0250000E+02  9.910000E+37  6.478889E+00  9.252643E-13
 3.0255000E+02  9.910000E+37  6.479212E+00  9.308536E-13
 3.0260000E+02  9.910000E+37  6.477529E+00  9.281802E-13
 3.0265000E+02  9.910000E+37  6.475840E+00  9.330532E-13
 3.0270000E+02  9.910000E+37  6.477136E+00  9.438933E-13
 3.0275000E+02  9.910000E+37  6.475611E+00  9.371281E-13
 3.0280000E+02  9.910000E+37  6.473845E+00  9.351865E-13
 3.0285000E+02  9.910000E+37  6.474906E+00  9.375567E-13
 3.0290000E+02  9.910000E+37  6.472604E+00  9.557994E-13
 3.0295000E+02  9.910000E+37  6.472865E+00  9.487611E-13
 3.0300000E+02  9.910000E+37  6.471519E+00  9.330444E-13
 3.0305000E+02  9.910000E+37  6.470809E+00  9.484101E-13
 3.0310000E+02  9.910000E+37  6.470088E+00  9.437625E-13
 3.0315000E+02  9.910000E+37  6.470037E+00  9.367667E-13
 3.0320000E+02  9.910000E+37  6.465942E+00  9.463581E-13
 3.0325000E+02  9.910000E+37  6.467964E+00  9.551600E-13
 3.0330000E+02  9.910000E+37  6.466234E+00  9.472052E-13
 3.0335000E+02  9.910000E+37  6.464983E+00  9.498923E-13
 3.0340000E+02  9.910000E+37  6.464061E+00  9.360876E-13
 3.0345000E+02  9.910000E+37  6.462412E+00  9.490218E-13
 3.0350000E+02  9.910000E+37  6.461598E+00  9.482250E-13
 3.0355000E+02  9.910000E+37  6.462275E+00  9.435054E-13
 3.0360000E+02  9.910000E+37  6.461892E+00  9.437155E-13
 3.0365000E+02  9.910000E+37  6.460791E+00  9.416326E-13
 3.0370000E+02  9.910000E+37  6.460152E+00  9.455895E-13
 3.0375000E+02  9.910000E+37  6.459099E+00  9.390241E-13
 3.0380000E+02  9.910000E+37  6.458955E+00  9.464291E-13
 3.0385000E+02  9.910000E+37  6.456338E+00  9.310019E-13
 3.0390000E+02  9.910000E+37  6.456072E+00  9.421757E-13
 3.0395000E+02  9.910000E+37  6.455499E+00  9.310071E-13
 3.0400000E+02  9.910000E+37  6.455070E+00  9.292505E-13
 3.0405000E+02  9.910000E+37  6.452897E+00  9.275746E-13
 3.0410000E+02  9.910000E+37  6.452662E+00  9.318961E-13
 3.0415000E+02  9.910000E+37  6.453029E+00  9.201289E-13
 3.0420000E+02  9.910000E+37  6.451156E+00  9.196185E-13
 3.0425000E+02  9.910000E+37  6.452200E+00  9.097823E-13
 3.0430000E+02  9.910000E+37  6.451755E+00  9.135335E-13
 3.0435000E+02  9.910000E+37  6.450920E+00  9.007159E-13
 3.0440000E+02  9.910000E+37  6.449521E+00  9.157357E-13
 3.0445000E+02  9.910000E+37  6.449027E+00  9.040347E-13
 3.0450000E+02  9.910000E+37  6.447943E+00  9.012866E-13
 3.0455000E+02  9.910000E+37  6.447701E+00  8.967597E-13
 3.0460000E+02  9.910000E+37  6.446923E+00  9.022696E-13
 3.0465000E+02  9.910000E+37  6.446659E+00  8.931109E-13
 3.0470000E+02  9.910000E+37  6.446742E+00  8.910767E-13
 3.0475000E+02  9.910000E+37  6.445367E+00  8.925942E-13
 3.0480000E+02  9.910000E+37  6.444620E+00  8.852709E-13
 3.0485000E+02  9.910000E+37  6.443366E+00  8.929392E-13
 3.0490000E+02  9.910000E+37  6.441636E+00  8.915310E-13
 3.0495000E+02  9.910000E+37  6.442170E+00  8.900463E-13
 3.0500000E+02  9.910000E+37  6.441325E+00  8.741314E-13
 3.0505000E+02  9.910000E+37  6.441132E+00  8.788869E-13
 3.0510000E+02  9.910000E+37  6.439294E+00  8.877244E-13
 3.0515000E+02  9.910000E+37  6.438533E+00  8.827771E-13
 3.0520000E+02  9.910000E+37  6.438833E+00  8.801637E-13
 3.0525000E+02  9.910000E+37  6.435800E+00  8.779037E-13
 3.0530000E+02  9.910000E+37  6.436696E+00  8.780382E-13
 3.0535000E+02  9.910000E+37  6.435603E+00  8.800304E-13
 3.0540000E+02  9.910000E+37  6.436118E+00  8.884951E-13
 3.0545000E+02  9.910000E+37  6.434797E+00  8.658511E-13
 3.0550000E+02  9.910000E+37  6.434774E+00  8.847890E-13
 3.0555000E+02  9.910000E+37  6.433570E+00  8.851323E-13
 3.0560000E+02  9.910000E+37  6.432574E+00  8.740764E-13
 3.0565000E+02  9.910000E+37  6.430464E+00  8.809132E-13
 3.0570000E+02  9.910000E+37  6.430499E+00  8.766827E-13
 3.0575000E+02  9.910000E+37  6.429089E+00  8.806020E-13
 3.0580000E+02  9.910000E+37  6.429516E+00  8.775744E-13
 3.0585000E+02  9.910000E+37  6.429380E+00  8.796635E-13
 3.0590000E+02  9.910000E+37  6.427435E+00  8.841657E-13
 3.0595000E+02  9.910000E+37  6.427485E+00  8.832912E-13
 3.0600000E+02  9.910000E+37  6.426976E+00  8.893321E-13
 3.0605000E+02  9.910000E+37  6.426384E+00  8.964301E-13
 3.0610000E+02  9.910000E+37  6.425319E+00  8.826614E-13
 3.0615000E+02  9.910000E+37  6.422863E+00  8.818487E-13
 3.0620000E+02  9.910000E+37  6.423777E+00  8.814917E-13
 3.0625000E+02  9.910000E+37  6.422692E+00  8.847367E-13
 3.0630000E+02  9.910000E+37  6.421036E+00  8.869588E-13
 3.0635000E+02  9.910000E+37  6.422456E+00  8.955607E-13
 3.0640000E+02  9.910000E+37  6.420758E+00  8.826349E-13
 3.0645000E+02  9.910000E+37  6.419611E+00  8.891407E-13
 3.0650000E+02  9.910000E+37  6.418746E+00  8.878553E-13
 3.0655000E+02  9.910000E+37  6.418846E+00  8.979297E-13
 3.0660000E+02  9.910000E+37  6.416362E+00  8.986223E-13
 3.0665000E+02  9.910000E+37  6.417026E+00  8.955669E-13
 3.0670000E+02  9.910000E+37  6.416698E+00  8.973078E-13
 3.0675000E+02  9.910000E+37  6.415288E+00  8.974559E-13
 3.0680000E+02  9.910000E+37  6.415716E+00  9.053488E-13
 3.0685000E+02  9.910000E+37  6.415128E+00  8.919223E-13
 3.0690000E+02  9.910000E+37  6.412767E+00  8.931693E-13
 3.0695000E+02  9.910000E+37  6.412421E+00  8.962066E-13
 3.0700000E+02  9.910000E+37  6.409810E+00  8.982142E-13
 3.0705000E+02  9.910000E+37  6.410059E+00  9.009890E-13
 3.0710000E+02  9.910000E+37  6.409316E+00  9.042577E-13
 3.0715000E+02  9.910000E+37  6.408598E+00  8.902793E-13
 3.0720000E+02  9.910000E+37  6.408279E+00  8.908747E-13
 3.0725000E+02  9.910000E+37  6.407534E+00  8.917831E-13
 3.0730000E+02  9.910000E+37  6.407548E+00  8.975158E-13
 3.0735000E+02  9.910000E+37  6.406905E+00  8.889808E-13
 3.0740000E+02  9.910000E+37  6.405552E+00  8.982807E-13
 3.0745000E+02  9.910000E+37  6.405583E+00  8.846437E-13
 3.0750000E+02  9.910000E+37  6.403805E+00  8.984400E-13
 3.0755000E+02  9.910000E+37  6.405099E+00  8.855202E-13
 3.0760000E+02  9.910000E+37  6.403246E+00  8.804945E-13
 3.0765000E+02  9.910000E+37  6.403667E+00  8.798005E-13
 3.0770000E+02  9.910000E+37  6.400935E+00  8.824079E-13
 3.0775000E+02  9.910000E+37  6.400833E+00  8.854715E-13
 3.0780000E+02  9.910000E+37  6.401746E+00  8.695845E-13
 3.0785000E+02  9.910000E+37  6.399441E+00  8.608093E-13
 3.0790000E+02  9.910000E+37  6.397579E+00  8.674544E-13
 3.0795000E+02  9.910000E+37  6.396379E+00  8.591688E-13
 3.0800000E+02  9.910000E+37  6.398529E+00  8.634034E-13
 3.0805000E+02  9.910000E+37  6.396164E+00  8.627676E-13
 3.0810000E+02  9.910000E+37  6.394936E+00  8.574418E-13
 3.0815000E+02  9.910000E+37  6.394636E+00  8.568299E-13
 3.0820000E+02  9.910000E+37  6.394102E+00  8.503015E-13
 3.0825000E+02  9.910000E+37  6.393242E+00  8.508124E-13
 3.0830000E+02  9.910000E+37  6.391396E+00  8.454525E-13
 3.0835000E+02  9.910000E+37  6.391169E+00  8.403886E-13
 3.0840000E+02  9.910000E+37  6.390488E+00  8.300652E-13
 3.0845000E+02  9.910000E+37  6.390393E+00  8.289386E-13
 3.0850000E+02  9.910000E+37  6.390230E+00  8.192755E-13
 3.0855000E+02  9.910000E+37  6.388070E+00  8.238197E-13
 3.0860000E+02  9.910000E+37  6.386914E+00  8.236343E-13
 3.0865000E+02  9.910000E+37  6.387671E+00  8.209981E-13
 3.0870000E+02  9.910000E+37  6.387468E+00  8.110857E-13
 3.0875000E+02  9.910000E+37  6.384870E+00  8.089270E-13
 3.0880000E+02  9.910000E+37  6.384696E+00  8.104613E-13
 3.0885000E+02  9.910000E+37  6.384739E+00  8.024857E-13
 3.0890000E+02  9.910000E+37  6.383443E+00  7.960946E-13
 3.0895000E+02  9.910000E+37  6.381720E+00  7.947522E-13
 3.0900000E+02  9.910000E+37  6.380231E+00  7.835943E-13
 3.0905000E+02  9.910000E+37  6.380296E+00  7.883245E-13
 3.0910000E+02  9.910000E+37  6.379455E+00  7.808836E-13
 3.0915000E+02  9.910000E+37  6.379288E+00  7.845102E-13
 3.0920000E+02  9.910000E+37  6.376683E+00  7.725059E-13
 3.0925000E+02  9.910000E+37  6.376897E+00  7.753019E-13
 3.0930000E+02  9.910000E+37  6.377798E+00  7.663006E-13
 3.0935000E+02  9.910000E+37  6.375391E+00  7.600932E-13
 3.0940000E+02  9.910000E+37  6.374805E+00  7.612317E-13
 3.0945000E+02  9.910000E+37  6.374525E+00  7.569666E-13
 3.0950000E+02  9.910000E+37  6.373797E+00  7.494972E-13
 3.0955000E+02  9.910000E+37  6.372675E+00  7.450399E-13
 3.0960000E+02  9.910000E+37  6.373670E+00  7.389538E-13
 3.0965000E+02  9.910000E+37  6.371865E+00  7.310859E-13
 3.0970000E+02  9.910000E+37  6.372138E+00  7.293783E-13
 3.0975000E+02  9.910000E+37  6.372335E+00  7.307100E-13
 3.0980000E+02  9.910000E+37  6.370584E+00  7.200515E-13
 3.0985000E+02  9.910000E+37  6.368662E+00  7.170234E-13
 3.0990000E+02  9.910000E+37  6.368884E+00  7.237118E-13
 3.0995000E+02  9.910000E+37  6.368479E+00  7.146574E-13
 3.1000000E+02  9.910000E+37  6.367545E+00  7.048799E-13
 3.1005000E+02  9.910000E+37  6.367002E+00  7.033176E-13
 3.1010000E+02  9.910000E+37  6.365485E+00  6.927033E-13
 3.1015000E+02  9.910000E+37  6.364239E+00  6.878110E-13
 3.1020000E+02  9.910000E+37  6.363441E+00  6.897679E-13
 3.1025000E+02  9.910000E+37  6.362955E+00  6.861269E-13
 3.1030000E+02  9.910000E+37  6.363033E+00  6.778429E-13
 3.1035000E+02  9.910000E+37  6.360568E+00  6.716093E-13
 3.1040000E+02  9.910000E+37  6.361202E+00  6.665588E-13
 3.1045000E+02  9.910000E+37  6.359714E+00  6.505084E-13
 3.1050000E+02  9.910000E+37  6.360148E+00  6.647238E-13
 3.1055000E+02  9.910000E+37  6.360488E+00  6.559877E-13
 3.1060000E+02  9.910000E+37  6.358662E+00  6.543049E-13
 3.1065000E+02  9.910000E+37  6.357966E+00  6.521672E-13
 3.1070000E+02  9.910000E+37  6.356986E+00  6.376109E-13
 3.1075000E+02  9.910000E+37  6.357003E+00  6.433146E-13
 3.1080000E+02  9.910000E+37  6.354507E+00  6.365386E-13
 3.1085000E+02  9.910000E+37  6.354526E+00  6.304077E-13
 3.1090000E+02  9.910000E+37  6.354348E+00  6.269192E-13
 3.1095000E+02  9.910000E+37  6.353911E+00  6.108033E-13
 3.1100000E+02  9.910000E+37  6.351835E+00  6.146079E-13
 3.1105000E+02  9.910000E+37  6.352946E+00  6.041145E-13
 3.1110000E+02  9.910000E+37  6.350057E+00  6.086998E-13
 3.1115000E+02  9.910000E+37  6.349489E+00  5.931152E-13
 3.1120000E+02  9.910000E+37  6.349500E+00  6.018726E-13
 3.1125000E+02  9.910000E+37  6.348907E+00  5.973588E-13
 3.1130000E+02  9.910000E+37  6.347141E+00  5.794131E-13
 3.1135000E+02  9.910000E+37  6.347332E+00  5.893677E-13
 3.1140000E+02  9.910000E+37  6.345562E+00  5.904083E-13
 3.1145000E+02  9.910000E+37  6.345019E+00  5.781378E-13
 3.1150000E+02  9.910000E+37  6.346056E+00  5.758048E-13
 3.1155000E+02  9.910000E+37  6.344732E+00  5.788023E-13
 3.1160000E+02  9.910000E+37  6.343906E+00  5.682521E-13
 3.1165000E+02  9.910000E+37  6.344485E+00  5.501465E-13
 3.1170000E+02  9.910000E+37  6.343226E+00  5.504707E-13
 3.1175000E+02  9.910000E+37  6.341059E+00  5.455865E-13
 3.1180000E+02  9.910000E+37  6.341040E+00  5.366886E-13
 3.1185000E+02  9.910000E+37  6.340576E+00  5.451637E-13
 3.1190000E+02  9.910000E+37  6.340096E+00  5.396637E-13
 3.1195000E+02  9.910000E+37  6.340746E+00  5.366402E-13
 3.1200000E+02  9.910000E+37  6.338490E+00  5.325694E-13
 3.1205000E+02  9.910000E+37  6.338258E+00  5.318094E-13
 3.1210000E+02  9.910000E+37  6.337683E+00  5.201093E-13
 3.1215000E+02  9.910000E+37  6.336308E+00  5.232010E-13
 3.1220000E+02  9.910000E+37  6.333855E+00  5.070810E-13
 3.1225000E+02  9.910000E+37  6.333730E+00  5.034647E-13
 3.1230000E+02  9.910000E+37  6.332934E+00  5.129713E-13
 3.1235000E+02  9.910000E+37  6.333400E+00  5.075419E-13
 3.1240000E+02  9.910000E+37  6.331359E+00  4.988996E-13
 3.1245000E+02  9.910000E+37  6.329850E+00  4.965238E-13
 3.1250000E+02  9.910000E+37  6.329068E+00  5.005540E-13
 3.1255000E+02  9.910000E+37  6.330074E+00  4.895693E-13
 3.1260000E+02  9.910000E+37  6.328565E+00  4.966808E-13
 3.1265000E+02  9.910000E+37  6.327473E+00  4.957626E-13
 3.1270000E+02  9.910000E+37  6.328846E+00  4.897053E-13
 3.1275000E+02  9.910000E+37  6.328796E+00  4.878176E-13
 3.1280000E+02  9.910000E+37  6.326220E+00  4.828438E-13
 3.1285000E+02  9.910000E+37  6.327072E+00  4.866654E-13
 3.1290000E+02  9.910000E+37  6.325677E+00  4.804633E-13
 3.1295000E+02  9.910000E+37  6.324028E+00  4.796981E-13
 3.1300000E+02  9.910000E+37  6.324586E+00  4.803174E-13
 3.1305000E+02  9.910000E+37  6.323722E+00  4.806213E-13
 3.1310000E+02  9.910000E+37  6.323075E+00  4.767227E-13
 3.1315000E+02  9.910000E+37  6.321931E+00  4.804113E-13
 3.1320000E+02  9.910000E+37  6.319662E+00  4.715763E-13
 3.1325000E+02  9.910000E+37  6.320088E+00  4.834070E-13
 3.1330000E+02  9.910000E+37  6.320709E+00  4.741330E-13
 3.1335000E+02  9.910000E+37  6.320205E+00  4.690767E-13
 3.1340000E+02  9.910000E+37  6.318185E+00  4.668577E-13
 3.1345000E+02  9.910000E+37  6.318544E+00  4.591963E-13
 3.1350000E+02  9.910000E+37  6.318373E+00  4.659707E-13
 3.1355000E+02  9.910000E+37  6.317756E+00  4.657556E-13
 3.1360000E+02  9.910000E+37  6.315828E+00  4.588017E-13
 3.1365000E+02  9.910000E+37  6.315530E+00  4.589465E-13
 3.1370000E+02  9.910000E+37  6.315388E+00  4.700222E-13
 3.1375000E+02  9.910000E+37  6.314097E+00  4.517467E-13
 3.1380000E+02  9.910000E+37  6.314240E+00  4.552808E-13
 3.1385000E+02  9.910000E+37  6.313325E+00  4.479074E-13
 3.1390000E+02  9.910000E+37  6.311257E+00  4.591991E-13
 3.1395000E+02  9.910000E+37  6.309574E+00  4.599938E-13
 3.1400000E+02  9.910000E+37  6.310206E+00  4.609743E-13
 3.1405000E+02  9.910000E+37  6.309228E+00  4.548845E-13
 3.1410000E+02  9.910000E+37  6.309028E+00  4.518142E-13
 3.1415000E+02  9.910000E+37  6.307296E+00  4.592019E-13
 3.1420000E+02  9.910000E+37  6.307719E+00  4.473840E-13
 3.1425000E+02  9.910000E+37  6.306757E+00  4.457581E-13
 3.1430000E+02  9.910000E+37  6.306050E+00  4.573437E-13
 3.1435000E+02  9.910000E+37  6.304463E+00  4.492320E-13
 3.1440000E+02  9.910000E+37  6.304310E+00  4.495271E-13
 3.1445000E+02  9.910000E+37  6.303301E+00  4.585117E-13
 3.1450000E+02  9.910000E+37  6.303051E+00  4.449840E-13
 3.1455000E+02  9.910000E+37  6.303339E+00  4.372734E-13
 3.1460000E+02  9.910000E+37  6.301722E+00  4.417174E-13
 3.1465000E+02  9.910000E+37  6.299269E+00  4.465550E-13
 3.1470000E+02  9.910000E+37  6.298897E+00  4.488495E-13
 3.1475000E+02  9.910000E+37  6.298144E+00  4.406001E-13
 3.1480000E+02  9.910000E+37  6.298184E+00  4.469054E-13
 3.1485000E+02  9.910000E+37  6.297446E+00  4.363584E-13
 3.1490000E+02  9.910000E+37  6.297246E+00  4.406731E-13
 3.1495000E+02  9.910000E+37  6.297545E+00  4.374638E-13
 3.1500000E+02  9.910000E+37  6.296064E+00  4.424026E-13
 3.1505000E+02  9.910000E+37  6.294001E+00  4.315727E-13
 3.1510000E+02  9.910000E+37  6.294544E+00  4.481463E-13
 3.1515000E+02  9.910000E+37  6.294027E+00  4.440202E-13
 3.1520000E+02  9.910000E+37  6.293534E+00  4.342759E-13
 3.1525000E+02  9.910000E+37  6.293394E+00  4.446844E-13
 3.1530000E+02  9.910000E+37  6.292159E+00  4.392615E-13
 3.1535000E+02  9.910000E+37  6.290599E+00  4.340362E-13
 3.1540000E+02  9.910000E+37  6.290301E+00  4.375674E-13
 3.1545000E+02  9.910000E+37  6.290455E+00  4.395322E-13
 3.1550000E+02  9.910000E+37  6.289159E+00  4.364756E-13
 3.1555000E+02  9.910000E+37  6.289195E+00  4.407277E-13
 3.1560000E+02  9.910000E+37  6.287436E+00  4.350862E-13
 3.1565000E+02  9.910000E+37  6.287522E+00  4.346790E-13
 3.1570000E+02  9.910000E+37  6.284954E+00  4.351904E-13
 3.1575000E+02  9.910000E+37  6.284221E+00  4.316807E-13
 3.1580000E+02  9.910000E+37  6.285439E+00  4.332350E-13
 3.1585000E+02  9.910000E+37  6.285010E+00  4.375826E-13
 3.1590000E+02  9.910000E+37  6.283588E+00  4.262959E-13
 3.1595000E+02  9.910000E+37  6.282886E+00  4.452874E-13
 3.1600000E+02  9.910000E+37  6.281571E+00  4.307189E-13
 3.1605000E+02  9.910000E+37  6.281150E+00  4.387114E-13
 3.1610000E+02  9.910000E+37  6.281470E+00  4.358946E-13
 3.1615000E+02  9.910000E+37  6.281367E+00  4.296647E-13
 3.1620000E+02  9.910000E+37  6.279609E+00  4.275027E-13
 3.1625000E+02  9.910000E+37  6.278264E+00  4.291655E-13
 3.1630000E+02  9.910000E+37  6.279530E+00  4.378261E-13
 3.1635000E+02  9.910000E+37  6.276264E+00  4.318759E-13
 3.1640000E+02  9.910000E+37  6.276602E+00  4.363057E-13
 3.1645000E+02  9.910000E+37  6.276715E+00  4.493604E-13
 3.1650000E+02  9.910000E+37  6.276122E+00  4.360644E-13
 3.1655000E+02  9.910000E+37  6.274778E+00  4.203927E-13
 3.1660000E+02  9.910000E+37  6.274789E+00  4.190916E-13
 3.1665000E+02  9.910000E+37  6.274146E+00  4.319412E-13
 3.1670000E+02  9.910000E+37  6.274438E+00  4.349969E-13
 3.1675000E+02  9.910000E+37  6.272160E+00  4.333509E-13
 3.1680000E+02  9.910000E+37  6.272228E+00  4.456202E-13
 3.1685000E+02  9.910000E+37  6.271771E+00  4.326292E-13
 3.1690000E+02  9.910000E+37  6.269322E+00  4.381221E-13
 3.1695000E+02  9.910000E+37  6.270763E+00  4.217142E-13
 3.1700000E+02  9.910000E+37  6.269382E+00  4.323945E-13
 3.1705000E+02  9.910000E+37  6.268045E+00  4.418298E-13
 3.1710000E+02  9.910000E+37  6.267840E+00  4.379536E-13
 3.1715000E+02  9.910000E+37  6.267212E+00  4.391130E-13
 3.1720000E+02  9.910000E+37  6.267274E+00  4.408879E-13
 3.1725000E+02  9.910000E+37  6.266109E+00  4.360911E-13
 3.1730000E+02  9.910000E+37  6.265346E+00  4.319173E-13
 3.1735000E+02  9.910000E+37  6.265117E+00  4.332746E-13
 3.1740000E+02  9.910000E+37  6.262005E+00  4.308539E-13
 3.1745000E+02  9.910000E+37  6.261939E+00  4.405911E-13
 3.1750000E+02  9.910000E+37  6.262230E+00  4.401346E-13
 3.1755000E+02  9.910000E+37  6.261609E+00  4.364402E-13
 3.1760000E+02  9.910000E+37  6.259668E+00  4.405339E-13
 3.1765000E+02  9.910000E+37  6.260118E+00  4.401988E-13
 3.1770000E+02  9.910000E+37  6.259006E+00  4.367118E-13
 3.1775000E+02  9.910000E+37  6.256917E+00  4.336428E-13
 3.1780000E+02  9.910000E+37  6.256699E+00  4.400601E-13
 3.1785000E+02  9.910000E+37  6.256396E+00  4.418777E-13
 3.1790000E+02  9.910000E+37  6.255356E+00  4.418736E-13
 3.1795000E+02  9.910000E+37  6.256147E+00  4.270862E-13
 3.1800000E+02  9.910000E+37  6.254849E+00  4.405582E-13
 3.1805000E+02  9.910000E+37  6.254326E+00  4.403821E-13
 3.1810000E+02  9.910000E+37  6.253031E+00  4.415134E-13
 3.1815000E+02  9.910000E+37  6.252151E+00  4.452652E-13
 3.1820000E+02  9.910000E+37  6.250319E+00  4.398750E-13
 3.1825000E+02  9.910000E+37  6.250908E+00  4.415360E-13
 3.1830000E+02  9.910000E+37  6.250631E+00  4.524905E-13
 3.1835000E+02  9.910000E+37  6.250113E+00  4.523504E-13
 3.1840000E+02  9.910000E+37  6.248171E+00  4.481039E-13
 3.1845000E+02  9.910000E+37  6.248497E+00  4.544046E-13
 3.1850000E+02  9.910000E+37  6.248524E+00  4.508653E-13
 3.1855000E+02  9.910000E+37  6.246659E+00  4.444865E-13
 3.1860000E+02  9.910000E+37  6.247156E+00  4.538268E-13
 3.1865000E+02  9.910000E+37  6.246989E+00  4.528027E-13
 3.1870000E+02  9.910000E+37  6.246654E+00  4.429825E-13
 3.1875000E+02  9.910000E+37  6.244848E+00  4.443473E-13
 3.1880000E+02  9.910000E+37  6.243961E+00  4.566733E-13
 3.1885000E+02  9.910000E+37  6.243361E+00  4.501549E-13
 3.1890000E+02  9.910000E+37  6.243356E+00  4.560856E-13
 3.1895000E+02  9.910000E+37  6.241855E+00  4.489765E-13
 3.1900000E+02  9.910000E+37  6.240918E+00  4.573748E-13
 3.1905000E+02  9.910000E+37  6.240748E+00  4.562693E-13
 3.1910000E+02  9.910000E+37  6.241072E+00  4.601092E-13
 3.1915000E+02  9.910000E+37  6.239002E+00  4.596139E-13
 3.1920000E+02  9.910000E+37  6.237548E+00  4.601674E-13
 3.1925000E+02  9.910000E+37  6.236869E+00  4.619482E-13
 3.1930000E+02  9.910000E+37  6.236471E+00  4.666766E-13
 3.1935000E+02  9.910000E+37  6.235754E+00  4.627126E-13
 3.1940000E+02  9.910000E+37  6.235951E+00  4.699777E-13
 3.1945000E+02  9.910000E+37  6.234848E+00  4.707674E-13
 3.1950000E+02  9.910000E+37  6.235592E+00  4.701034E-13
 3.1955000E+02  9.910000E+37  6.233085E+00  4.684846E-13
 3.1960000E+02  9.910000E+37  6.232050E+00  4.664077E-13
 3.1965000E+02  9.910000E+37  6.231554E+00  4.764926E-13
 3.1970000E+02  9.910000E+37  6.230754E+00  4.719088E-13
 3.1975000E+02  9.910000E+37  6.230124E+00  4.707249E-13
 3.1980000E+02  9.910000E+37  6.230621E+00  4.736847E-13
 3.1985000E+02  9.910000E+37  6.228936E+00  4.788968E-13
 3.1990000E+02  9.910000E+37  6.229354E+00  4.765867E-13
 3.1995000E+02  9.910000E+37  6.229943E+00  4.771144E-13
 3.2000000E+02  9.910000E+37  6.227591E+00  4.845918E-13

