
 2.8000000E+02  9.910000E+37  1.060733E+01  2.839062E-14
 2.8005000E+02  9.910000E+37  1.060561E+01  1.687892E-14
 2.8010000E+02  9.910000E+37  1.060348E+01  2.686191E-14
 2.8015000E+02  9.910000E+37  1.060105E+01  2.801201E-14
 2.8020000E+02  9.910000E+37  1.059904E+01  2.642064E-14
 2.8025000E+02  9.910000E+37  1.059777E+01  3.425679E-14
 2.8030000E+02  9.910000E+37  1.059582E+01  2.262047E-14
 2.8035000E+02  9.910000E+37  1.059402E+01  4.417444E-14
 2.8040000E+02  9.910000E+37  1.059068E+01  2.621924E-14
 2.8045000E+02  9.910000E+37  1.058911E+01  2.248649E-14
 2.8050000E+02  9.910000E+37  1.058702E+01  2.967504E-14
 2.8055000E+02  9.910000E+37  1.058616E+01  2.790611E-14
 2.8060000E+02  9.910000E+37  1.058381E+01  3.320535E-14
 2.8065000E+02  9.910000E+37  1.058219E+01  1.919361E-14
 2.8070000E+02  9.910000E+37  1.058153E+01  2.852971E-14
 2.8075000E+02  9.910000E+37  1.057971E+01  3.169463E-14
 2.8080000E+02  9.910000E+37  1.057757E+01  2.742989E-14
 2.8085000E+02  9.910000E+37  1.057677E+01  2.927773E-14
 2.8090000E+02  9.910000E+37  1.057322E+01  3.156756E-14
 2.8095000E+02  9.910000E+37  1.057144E+01  2.158632E-14
 2.8100000E+02  9.910000E+37  1.056970E+01  2.397903E-14
 2.8105000E+02  9.910000E+37  1.056771E+01  1.753710E-14
 2.8110000E+02  9.910000E+37  1.056523E+01  3.110828E-14
 2.8115000E+02  9.910000E+37  1.056469E+01  2.986639E-14
 2.8120000E+02  9.910000E+37  1.056469E+01  1.994253E-14
 2.8125000E+02  9.910000E+37  1.056366E+01  1.592226E-14
 2.8130000E+02  9.910000E+37  1.056229E+01  3.645394E-14
 2.8135000E+02  9.910000E+37  1.056011E+01  3.035177E-14
 2.8140000E+02  9.910000E+37  1.055715E+01  2.671823E-14
 2.8145000E+02  9.910000E+37  1.055558E+01  2.951143E-14
 2.8150000E+02  9.910000E+37  1.055446E+01  3.686183E-14
 2.8155000E+02  9.910000E+37  1.055339E+01  2.781539E-14
 2.8160000E+02  9.910000E+37  1.055168E+01  4.012314E-14
 2.8165000E+02  9.910000E+37  1.055006E+01  2.828489E-14
 2.8170000E+02  9.910000E+37  1.054865E+01  3.164327E-14
 2.8175000E+02  9.910000E+37  1.054623E+01  2.757622E-14
 2.8180000E+02  9.910000E+37  1.054416E+01  3.975176E-14
 2.8185000E+02  9.910000E+37  1.054225E+01  3.233677E-14
 2.8190000E+02  9.910000E+37  1.054036E+01  3.363001E-14
 2.8195000E+02  9.910000E+37  1.053989E+01  2.882942E-14
 2.8200000E+02  9.910000E+37  1.053813E+01  2.300207E-14
 2.8205000E+02  9.910000E+37  1.053789E+01  2.474967E-14
 2.8210000E+02  9.910000E+37  1.053358E+01  1.994359E-14
 2.8215000E+02  9.910000E+37  1.053170E+01  2.977125E-14
 2.8220000E+02  9.910000E+37  1.053097E+01  2.499589E-14
 2.8225000E+02  9.910000E+37  1.053056E+01  2.850677E-14
 2.8230000E+02  9.910000E+37  1.052910E+01  3.567166E-14
 2.8235000E+02  9.910000E+37  1.052706E+01  3.383459E-14
 2.8240000E+02  9.910000E+37  1.052360E+01  3.471658E-14
 2.8245000E+02  9.910000E+37  1.052207E+01  3.546569E-14
 2.8250000E+02  9.910000E+37  1.052165E+01  3.752268E-14
 2.8255000E+02  9.910000E+37  1.051911E+01  3.301402E-14
 2.8260000E+02  9.910000E+37  1.051666E+01  2.578840E-14
 2.8265000E+02  9.910000E+37  1.051532E+01  3.356860E-14
 2.8270000E+02  9.910000E+37  1.051486E+01  2.695052E-14
 2.8275000E+02  9.910000E+37  1.051363E+01  2.687091E-14
 2.8280000E+02  9.910000E+37  1.051315E+01  2.519163E-14
 2.8285000E+02  9.910000E+37  1.051050E+01  2.777055E-14
 2.8290000E+02  9.910000E+37  1.051000E+01  2.095903E-14
 2.8295000E+02  9.910000E+37  1.050749E+01  2.519551E-14
 2.8300000E+02  9.910000E+37  1.050582E+01  2.969395E-14
 2.8305000E+02  9.910000E+37  1.050264E+01  2.893019E-14
 2.8310000E+02  9.910000E+37  1.050174E+01  2.561719E-14
 2.8315000E+02  9.910000E+37  1.050159E+01  3.103734E-14
 2.8320000E+02  9.910000E+37  1.050018E+01  2.249727E-14
 2.8325000E+02  9.910000E+37  1.049821E+01  3.510279E-14
 2.8330000E+02  9.910000E+37  1.049715E+01  3.007236E-14
 2.8335000E+02  9.910000E+37  1.049468E+01  3.197864E-14
 2.8340000E+02  9.910000E+37  1.049281E+01  3.781409E-14
 2.8345000E+02  9.910000E+37  1.049145E+01  2.953173E-14
 2.8350000E+02  9.910000E+37  1.048943E+01  2.604151E-14
 2.8355000E+02  9.910000E+37  1.048830E+01  3.643646E-14
 2.8360000E+02  9.910000E+37  1.048814E+01  2.922549E-14
 2.8365000E+02  9.910000E+37  1.048421E+01  2.545622E-14
 2.8370000E+02  9.910000E+37  1.048245E+01  3.528441E-14
 2.8375000E+02  9.910000E+37  1.048273E+01  3.081335E-14
 2.8380000E+02  9.910000E+37  1.048035E+01  3.544239E-14
 2.8385000E+02  9.910000E+37  1.047919E+01  2.758276E-14
 2.8390000E+02  9.910000E+37  1.047810E+01  3.599167E-14
 2.8395000E+02  9.910000E+37  1.047599E+01  4.189048E-14
 2.8400000E+02  9.910000E+37  1.047355E+01  4.046786E-14
 2.8405000E+02  9.910000E+37  1.047258E+01  4.032489E-14
 2.8410000E+02  9.910000E+37  1.047017E+01  3.463046E-14
 2.8415000E+02  9.910000E+37  1.046862E+01  4.749508E-14
 2.8420000E+02  9.910000E+37  1.046763E+01  5.739547E-14
 2.8425000E+02  9.910000E+37  1.046466E+01  5.561401E-14
 2.8430000E+02  9.910000E+37  1.046624E+01  8.136356E-14
 2.8435000E+02  9.910000E+37  1.046331E+01  7.242123E-14
 2.8440000E+02  9.910000E+37  1.046246E+01  8.090832E-14
 2.8445000E+02  9.910000E+37  1.046152E+01  9.932106E-14
 2.8450000E+02  9.910000E+37  1.046005E+01  1.135332E-13
 2.8455000E+02  9.910000E+37  1.045715E+01  1.252701E-13
 2.8460000E+02  9.910000E+37  1.045552E+01  1.427794E-13
 2.8465000E+02  9.910000E+37  1.045375E+01  1.469978E-13
 2.8470000E+02  9.910000E+37  1.045172E+01  1.713534E-13
 2.8475000E+02  9.910000E+37  1.045060E+01  1.871601E-13
 2.8480000E+02  9.910000E+37  1.044806E+01  1.953351E-13
 2.8485000E+02  9.910000E+37  1.044602E+01  2.090896E-13
 2.8490000E+02  9.910000E+37  1.044389E+01  2.240637E-13
 2.8495000E+02  9.910000E+37  1.044340E+01  2.232020E-13
 2.8500000E+02  9.910000E+37  1.044162E+01  2.282337E-13
 2.8505000E+02  9.910000E+37  1.043893E+01  2.257195E-13
 2.8510000E+02  9.910000E+37  1.043793E+01  2.354824E-13
 2.8515000E+02  9.910000E+37  1.043626E+01  2.351820E-13
 2.8520000E+02  9.910000E+37  1.043549E+01  2.259287E-13
 2.8525000E+02  9.910000E+37  1.043289E+01  2.267270E-13
 2.8530000E+02  9.910000E+37  1.043156E+01  2.225885E-13
 2.8535000E+02  9.910000E+37  1.043023E+01  2.215046E-13
 2.8540000E+02  9.910000E+37  1.042977E+01  2.041470E-13
 2.8545000E+02  9.910000E+37  1.042837E+01  2.045986E-13
 2.8550000E+02  9.910000E+37  1.042539E+01  1.774311E-13
 2.8555000E+02  9.910000E+37  1.042418E+01  1.602293E-13
 2.8560000E+02  9.910000E+37  1.042336E+01  1.581593E-13
 2.8565000E+02  9.910000E+37  1.042106E+01  1.553339E-13
 2.8570000E+02  9.910000E+37  1.041841E+01  1.428370E-13
 2.8575000E+02  9.910000E+37  1.041608E+01  1.419029E-13
 2.8580000E+02  9.910000E+37  1.041471E+01  1.307073E-13
 2.8585000E+02  9.910000E+37  1.041267E+01  1.236453E-13
 2.8590000E+02  9.910000E+37  1.041290E+01  1.237980E-13
 2.8595000E+02  9.910000E+37  1.041059E+01  1.106457E-13
 2.8600000E+02  9.910000E+37  1.040774E+01  1.190737E-13
 2.8605000E+02  9.910000E+37  1.040545E+01  1.137033E-13
 2.8610000E+02  9.910000E+37  1.040328E+01  1.141223E-13
 2.8615000E+02  9.910000E+37  1.040338E+01  1.140517E-13
 2.8620000E+02  9.910000E+37  1.040081E+01  1.010560E-13
 2.8625000E+02  9.910000E+37  1.039738E+01  1.141716E-13
 2.8630000E+02  9.910000E+37  1.039819E+01  1.134377E-13
 2.8635000E+02  9.910000E+37  1.039709E+01  1.198302E-13
 2.8640000E+02  9.910000E+37  1.039490E+01  1.217893E-13
 2.8645000E+02  9.910000E+37  1.039274E+01  1.122088E-13
 2.8650000E+02  9.910000E+37  1.039003E+01  1.280175E-13
 2.8655000E+02  9.910000E+37  1.038756E+01  1.284152E-13
 2.8660000E+02  9.910000E+37  1.038648E+01  1.266526E-13
 2.8665000E+02  9.910000E+37  1.038424E+01  1.336806E-13
 2.8670000E+02  9.910000E+37  1.038376E+01  1.355095E-13
 2.8675000E+02  9.910000E+37  1.038229E+01  1.456442E-13
 2.8680000E+02  9.910000E+37  1.038179E+01  1.533775E-13
 2.8685000E+02  9.910000E+37  1.038023E+01  1.521517E-13
 2.8690000E+02  9.910000E+37  1.037785E+01  1.586226E-13
 2.8695000E+02  9.910000E+37  1.037711E+01  1.597053E-13
 2.8700000E+02  9.910000E+37  1.037472E+01  1.659383E-13
 2.8705000E+02  9.910000E+37  1.037292E+01  1.621701E-13
 2.8710000E+02  9.910000E+37  1.037137E+01  1.711281E-13
 2.8715000E+02  9.910000E+37  1.037000E+01  1.639886E-13
 2.8720000E+02  9.910000E+37  1.036630E+01  1.791202E-13
 2.8725000E+02  9.910000E+37  1.036556E+01  1.769702E-13
 2.8730000E+02  9.910000E+37  1.036520E+01  1.847727E-13
 2.8735000E+02  9.910000E+37  1.036253E+01  1.795749E-13
 2.8740000E+02  9.910000E+37  1.036171E+01  1.887788E-13
 2.8745000E+02  9.910000E+37  1.036009E+01  1.846106E-13
 2.8750000E+02  9.910000E+37  1.035790E+01  1.935175E-13
 2.8755000E+02  9.910000E+37  1.035620E+01  1.930850E-13
 2.8760000E+02  9.910000E+37  1.035402E+01  1.838557E-13
 2.8765000E+02  9.910000E+37  1.035306E+01  1.946645E-13
 2.8770000E+02  9.910000E+37  1.035067E+01  1.911182E-13
 2.8775000E+02  9.910000E+37  1.034870E+01  1.908762E-13
 2.8780000E+02  9.910000E+37  1.034823E+01  1.872501E-13
 2.8785000E+02  9.910000E+37  1.034727E+01  1.805314E-13
 2.8790000E+02  9.910000E+37  1.034631E+01  1.841890E-13
 2.8795000E+02  9.910000E+37  1.034464E+01  1.940186E-13
 2.8800000E+02  9.910000E+37  1.034315E+01  1.885432E-13
 2.8805000E+02  9.910000E+37  1.033882E+01  1.836418E-13
 2.8810000E+02  9.910000E+37  1.033838E+01  1.963809E-13
 2.8815000E+02  9.910000E+37  1.033696E+01  2.019425E-13
 2.8820000E+02  9.910000E+37  1.033606E+01  2.092791E-13
 2.8825000E+02  9.910000E+37  1.033396E+01  2.064783E-13
 2.8830000E+02  9.910000E+37  1.033254E+01  2.104646E-13
 2.8835000E+02  9.910000E+37  1.033104E+01  1.995386E-13
 2.8840000E+02  9.910000E+37  1.032953E+01  1.993427E-13
 2.8845000E+02  9.910000E+37  1.032725E+01  2.044367E-13
 2.8850000E+02  9.910000E+37  1.032690E+01  2.055933E-13
 2.8855000E+02  9.910000E+37  1.032549E+01  2.042412E-13
 2.8860000E+02  9.910000E+37  1.032417E+01  1.982475E-13
 2.8865000E+02  9.910000E+37  1.032124E+01  2.027701E-13
 2.8870000E+02  9.910000E+37  1.032038E+01  1.946967E-13
 2.8875000E+02  9.910000E+37  1.031960E+01  2.085618E-13
 2.8880000E+02  9.910000E+37  1.031682E+01  2.023019E-13
 2.8885000E+02  9.910000E+37  1.031726E+01  2.053320E-13
 2.8890000E+02  9.910000E+37  1.031436E+01  2.124454E-13
 2.8895000E+02  9.910000E+37  1.031180E+01  2.088488E-13
 2.8900000E+02  9.910000E+37  1.031009E+01  2.189608E-13
 2.8905000E+02  9.910000E+37  1.030755E+01  2.220494E-13
 2.8910000E+02  9.910000E+37  1.030726E+01  2.138338E-13
 2.8915000E+02  9.910000E+37  1.030586E+01  2.234263E-13
 2.8920000E+02  9.910000E+37  1.030259E+01  2.236825E-13
 2.8925000E+02  9.910000E+37  1.030326E+01  2.347584E-13
 2.8930000E+02  9.910000E+37  1.030288E+01  2.300150E-13
 2.8935000E+02  9.910000E+37  1.030099E+01  2.401300E-13
 2.8940000E+02  9.910000E+37  1.029910E+01  2.421242E-13
 2.8945000E+02  9.910000E+37  1.029727E+01  2.414147E-13
 2.8950000E+02  9.910000E+37  1.029570E+01  2.440484E-13
 2.8955000E+02  9.910000E+37  1.029413E+01  2.582371E-13
 2.8960000E+02  9.910000E+37  1.029137E+01  2.520019E-13
 2.8965000E+02  9.910000E+37  1.029157E+01  2.592606E-13
 2.8970000E+02  9.910000E+37  1.028848E+01  2.547716E-13
 2.8975000E+02  9.910000E+37  1.028809E+01  2.562143E-13
 2.8980000E+02  9.910000E+37  1.028753E+01  2.627385E-13
 2.8985000E+02  9.910000E+37  1.028464E+01  2.707735E-13
 2.8990000E+02  9.910000E+37  1.028403E+01  2.768844E-13
 2.8995000E+02  9.910000E+37  1.028348E+01  2.887129E-13
 2.9000000E+02  9.910000E+37  1.028028E+01  2.778022E-13
 2.9005000E+02  9.910000E+37  1.027833E+01  2.900115E-13
 2.9010000E+02  9.910000E+37  1.027650E+01  2.849987E-13
 2.9015000E+02  9.910000E+37  1.027512E+01  2.885831E-13
 2.9020000E+02  9.910000E+37  1.027249E+01  2.930967E-13
 2.9025000E+02  9.910000E+37  1.027285E+01  3.134945E-13
 2.9030000E+02  9.910000E+37  1.027116E+01  3.165542E-13
 2.9035000E+02  9.910000E+37  1.026943E+01  3.315403E-13
 2.9040000E+02  9.910000E+37  1.026704E+01  3.385539E-13
 2.9045000E+02  9.910000E+37  1.026705E+01  3.459372E-13
 2.9050000E+02  9.910000E+37  1.026434E+01  3.755352E-13
 2.9055000E+02  9.910000E+37  1.026266E+01  3.803842E-13
 2.9060000E+02  9.910000E+37  1.026151E+01  4.053861E-13
 2.9065000E+02  9.910000E+37  1.026036E+01  4.224998E-13
 2.9070000E+02  9.910000E+37  1.025778E+01  4.595115E-13
 2.9075000E+02  9.910000E+37  1.025784E+01  4.967156E-13
 2.9080000E+02  9.910000E+37  1.025565E+01  5.336611E-13
 2.9085000E+02  9.910000E+37  1.025299E+01  5.868319E-13
 2.9090000E+02  9.910000E+37  1.025188E+01  6.503776E-13
 2.9095000E+02  9.910000E+37  1.025155E+01  7.339618E-13
 2.9100000E+02  9.910000E+37  1.024949E+01  8.513137E-13
 2.9105000E+02  9.910000E+37  1.024799E+01  9.800056E-13
 2.9110000E+02  9.910000E+37  1.024519E+01  1.193179E-12
 2.9115000E+02  9.910000E+37  1.024411E+01  1.451280E-12
 2.9120000E+02  9.910000E+37  1.024311E+01  1.699059E-12
 2.9125000E+02  9.910000E+37  1.023986E+01  1.937197E-12
 2.9130000E+02  9.910000E+37  1.023870E+01  2.146270E-12
 2.9135000E+02  9.910000E+37  1.023864E+01  2.263600E-12
 2.9140000E+02  9.910000E+37  1.023632E+01  2.350274E-12
 2.9145000E+02  9.910000E+37  1.023453E+01  2.358620E-12
 2.9150000E+02  9.910000E+37  1.023254E+01  2.326182E-12
 2.9155000E+02  9.910000E+37  1.023369E+01  2.247298E-12
 2.9160000E+02  9.910000E+37  1.023164E+01  2.107602E-12
 2.9165000E+02  9.910000E+37  1.022736E+01  1.942882E-12
 2.9170000E+02  9.910000E+37  1.022719E+01  1.819271E-12
 2.9175000E+02  9.910000E+37  1.022493E+01  1.720065E-12
 2.9180000E+02  9.910000E+37  1.022262E+01  1.682153E-12
 2.9185000E+02  9.910000E+37  1.022200E+01  1.686597E-12
 2.9190000E+02  9.910000E+37  1.021972E+01  1.711424E-12
 2.9195000E+02  9.910000E+37  1.021871E+01  1.732098E-12
 2.9200000E+02  9.910000E+37  1.021566E+01  1.755758E-12
 2.9205000E+02  9.910000E+37  1.021299E+01  1.788691E-12
 2.9210000E+02  9.910000E+37  1.021271E+01  1.810570E-12
 2.9215000E+02  9.910000E+37  1.021334E+01  1.814299E-12
 2.9220000E+02  9.910000E+37  1.021190E+01  1.825612E-12
 2.9225000E+02  9.910000E+37  1.020996E+01  1.831113E-12
 2.9230000E+02  9.910000E+37  1.020770E+01  1.861251E-12
 2.9235000E+02  9.910000E+37  1.020588E+01  1.854988E-12
 2.9240000E+02  9.910000E+37  1.020433E+01  1.868153E-12
 2.9245000E+02  9.910000E+37  1.020304E+01  1.882824E-12
 2.9250000E+02  9.910000E+37  1.020175E+01  1.871238E-12
 2.9255000E+02  9.910000E+37  1.020074E+01  1.872648E-12
 2.9260000E+02  9.910000E+37  1.019779E+01  1.855696E-12
 2.9265000E+02  9.910000E+37  1.019573E+01  1.842122E-12
 2.9270000E+02  9.910000E+37  1.019487E+01  1.826565E-12
 2.9275000E+02  9.910000E+37  1.019305E+01  1.811225E-12
 2.9280000E+02  9.910000E+37  1.019440E+01  1.796533E-12
 2.9285000E+02  9.910000E+37  1.019093E+01  1.767547E-12
 2.9290000E+02  9.910000E+37  1.018990E+01  1.749572E-12
 2.9295000E+02  9.910000E+37  1.018726E+01  1.714903E-12
 2.9300000E+02  9.910000E+37  1.018443E+01  1.684907E-12
 2.9305000E+02  9.910000E+37  1.018464E+01  1.662411E-12
 2.9310000E+02  9.910000E+37  1.018342E+01  1.632491E-12
 2.9315000E+02  9.910000E+37  1.018142E+01  1.613109E-12
 2.9320000E+02  9.910000E+37  1.017979E+01  1.577613E-12
 2.9325000E+02  9.910000E+37  1.017796E+01  1.549067E-12
 2.9330000E+02  9.910000E+37  1.017594E+01  1.549311E-12
 2.9335000E+02  9.910000E+37  1.017327E+01  1.526507E-12
 2.9340000E+02  9.910000E+37  1.017236E+01  1.507331E-12
 2.9345000E+02  9.910000E+37  1.017047E+01  1.481608E-12
 2.9350000E+02  9.910000E+37  1.016838E+01  1.458719E-12
 2.9355000E+02  9.910000E+37  1.016843E+01  1.443522E-12
 2.9360000E+02  9.910000E+37  1.016680E+01  1.422066E-12
 2.9365000E+02  9.910000E+37  1.016605E+01  1.389278E-12
 2.9370000E+02  9.910000E+37  1.016499E+01  1.397466E-12
 2.9375000E+02  9.910000E+37  1.016324E+01  1.376160E-12
 2.9380000E+02  9.910000E+37  1.016193E+01  1.372011E-12
 2.9385000E+02  9.910000E+37  1.016020E+01  1.351552E-12
 2.9390000E+02  9.910000E+37  1.015817E+01  1.345974E-12
 2.9395000E+02  9.910000E+37  1.015636E+01  1.344271E-12
 2.9400000E+02  9.910000E+37  1.015408E+01  1.329939E-12
 2.9405000E+02  9.910000E+37  1.015351E+01  1.328151E-12
 2.9410000E+02  9.910000E+37  1.015207E+01  1.327562E-12
 2.9415000E+02  9.910000E+37  1.014891E+01  1.324950E-12
 2.9420000E+02  9.910000E+37  1.014936E+01  1.324503E-12
 2.9425000E+02  9.910000E+37  1.014842E+01  1.321631E-12
 2.9430000E+02  9.910000E+37  1.014810E+01  1.323909E-12
 2.9435000E+02  9.910000E+37  1.014472E+01  1.336297E-12
 2.9440000E+02  9.910000E+37  1.014305E+01  1.341244E-12
 2.9445000E+02  9.910000E+37  1.014234E+01  1.336862E-12
 2.9450000E+02  9.910000E+37  1.014109E+01  1.345201E-12
 2.9455000E+02  9.910000E+37  1.013852E+01  1.343037E-12
 2.9460000E+02  9.910000E+37  1.013840E+01  1.348332E-12
 2.9465000E+02  9.910000E+37  1.013741E+01  1.331704E-12
 2.9470000E+02  9.910000E+37  1.013455E+01  1.345645E-12
 2.9475000E+02  9.910000E+37  1.013189E+01  1.353237E-12
 2.9480000E+02  9.910000E+37  1.013101E+01  1.362291E-12
 2.9485000E+02  9.910000E+37  1.012955E+01  1.349302E-12
 2.9490000E+02  9.910000E+37  1.012836E+01  1.358656E-12
 2.9495000E+02  9.910000E+37  1.012660E+01  1.353476E-12
 2.9500000E+02  9.910000E+37  1.012411E+01  1.363422E-12
 2.9505000E+02  9.910000E+37  1.012305E+01  1.369560E-12
 2.9510000E+02  9.910000E+37  1.012206E+01  1.366472E-12
 2.9515000E+02  9.910000E+37  1.012147E+01  1.366598E-12
 2.9520000E+02  9.910000E+37  1.011852E+01  1.367002E-12
 2.9525000E+02  9.910000E+37  1.011609E+01  1.381954E-12
 2.9530000E+02  9.910000E+37  1.011471E+01  1.370429E-12
 2.9535000E+02  9.910000E+37  1.011359E+01  1.377315E-12
 2.9540000E+02  9.910000E+37  1.011242E+01  1.377527E-12
 2.9545000E+02  9.910000E+37  1.011095E+01  1.392147E-12
 2.9550000E+02  9.910000E+37  1.010887E+01  1.384869E-12
 2.9555000E+02  9.910000E+37  1.010848E+01  1.404394E-12
 2.9560000E+02  9.910000E+37  1.010715E+01  1.409395E-12
 2.9565000E+02  9.910000E+37  1.010530E+01  1.419997E-12
 2.9570000E+02  9.910000E+37  1.010277E+01  1.425689E-12
 2.9575000E+02  9.910000E+37  1.010213E+01  1.426936E-12
 2.9580000E+02  9.910000E+37  1.010034E+01  1.430061E-12
 2.9585000E+02  9.910000E+37  1.009932E+01  1.432751E-12
 2.9590000E+02  9.910000E+37  1.009650E+01  1.455026E-12
 2.9595000E+02  9.910000E+37  1.009504E+01  1.447864E-12
 2.9600000E+02  9.910000E+37  1.009365E+01  1.454324E-12
 2.9605000E+02  9.910000E+37  1.009272E+01  1.463853E-12
 2.9610000E+02  9.910000E+37  1.009156E+01  1.469368E-12
 2.9615000E+02  9.910000E+37  1.009038E+01  1.482556E-12
 2.9620000E+02  9.910000E+37  1.008901E+01  1.489989E-12
 2.9625000E+02  9.910000E+37  1.008801E+01  1.497439E-12
 2.9630000E+02  9.910000E+37  1.008646E+01  1.502479E-12
 2.9635000E+02  9.910000E+37  1.008508E+01  1.511647E-12
 2.9640000E+02  9.910000E+37  1.008391E+01  1.511015E-12
 2.9645000E+02  9.910000E+37  1.008205E+01  1.514952E-12
 2.9650000E+02  9.910000E+37  1.008138E+01  1.513450E-12
 2.9655000E+02  9.910000E+37  1.007929E+01  1.519768E-12
 2.9660000E+02  9.910000E+37  1.007787E+01  1.530260E-12
 2.9665000E+02  9.910000E+37  1.007634E+01  1.534648E-12
 2.9670000E+02  9.910000E+37  1.007532E+01  1.534408E-12
 2.9675000E+02  9.910000E+37  1.007331E+01  1.546822E-12
 2.9680000E+02  9.910000E+37  1.007223E+01  1.545861E-12
 2.9685000E+02  9.910000E+37  1.006920E+01  1.546780E-12
 2.9690000E+02  9.910000E+37  1.006763E+01  1.554293E-12
 2.9695000E+02  9.910000E+37  1.006476E+01  1.549726E-12
 2.9700000E+02  9.910000E+37  1.006511E+01  1.556268E-12
 2.9705000E+02  9.910000E+37  1.006108E+01  1.558297E-12
 2.9710000E+02  9.910000E+37  1.006106E+01  1.559039E-12
 2.9715000E+02  9.910000E+37  1.005848E+01  1.557251E-12
 2.9720000E+02  9.910000E+37  1.005592E+01  1.561970E-12
 2.9725000E+02  9.910000E+37  1.005549E+01  1.557018E-12
 2.9730000E+02  9.910000E+37  1.005426E+01  1.557959E-12
 2.9735000E+02  9.910000E+37  1.005337E+01  1.562951E-12
 2.9740000E+02  9.910000E+37  1.005225E+01  1.563279E-12
 2.9745000E+02  9.910000E+37  1.005181E+01  1.562329E-12
 2.9750000E+02  9.910000E+37  1.004921E+01  1.563511E-12
 2.9755000E+02  9.910000E+37  1.004839E+01  1.558528E-12
 2.9760000E+02  9.910000E+37  1.004682E+01  1.560430E-12
 2.9765000E+02  9.910000E+37  1.004488E+01  1.558935E-12
 2.9770000E+02  9.910000E+37  1.004307E+01  1.564790E-12
 2.9775000E+02  9.910000E+37  1.004293E+01  1.562481E-12
 2.9780000E+02  9.910000E+37  1.003915E+01  1.562882E-12
 2.9785000E+02  9.910000E+37  1.003749E+01  1.556290E-12
 2.9790000E+02  9.910000E+37  1.003665E+01  1.555191E-12
 2.9795000E+02  9.910000E+37  1.003400E+01  1.547490E-12
 2.9800000E+02  9.910000E+37  1.003306E+01  1.552432E-12
 2.9805000E+02  9.910000E+37  1.003306E+01  1.561529E-12
 2.9810000E+02  9.910000E+37  1.002929E+01  1.558564E-12
 2.9815000E+02  9.910000E+37  1.002871E+01  1.544256E-12
 2.9820000E+02  9.910000E+37  1.002848E+01  1.548579E-12
 2.9825000E+02  9.910000E+37  1.002552E+01  1.543768E-12
 2.9830000E+02  9.910000E+37  1.002504E+01  1.535830E-12
 2.9835000E+02  9.910000E+37  1.002379E+01  1.537204E-12
 2.9840000E+02  9.910000E+37  1.002182E+01  1.532194E-12
 2.9845000E+02  9.910000E+37  1.001963E+01  1.533802E-12
 2.9850000E+02  9.910000E+37  1.001862E+01  1.534411E-12
 2.9855000E+02  9.910000E+37  1.001588E+01  1.533695E-12
 2.9860000E+02  9.910000E+37  1.001533E+01  1.543637E-12
 2.9865000E+02  9.910000E+37  1.001348E+01  1.527801E-12
 2.9870000E+02  9.910000E+37  1.001304E+01  1.521272E-12
 2.9875000E+02  9.910000E+37  1.001130E+01  1.518406E-12
 2.9880000E+02  9.910000E+37  1.001014E+01  1.525941E-12
 2.9885000E+02  9.910000E+37  1.000750E+01  1.523377E-12
 2.9890000E+02  9.910000E+37  1.000878E+01  1.525685E-12
 2.9895000E+02  9.910000E+37  1.000647E+01  1.509955E-12
 2.9900000E+02  9.910000E+37  1.000426E+01  1.512207E-12
 2.9905000E+02  9.910000E+37  1.000334E+01  1.514666E-12
 2.9910000E+02  9.910000E+37  1.000005E+01  1.517310E-12
 2.9915000E+02  9.910000E+37  9.998286E+00  1.517425E-12
 2.9920000E+02  9.910000E+37  9.997863E+00  1.513839E-12
 2.9925000E+02  9.910000E+37  9.995920E+00  1.520486E-12
 2.9930000E+02  9.910000E+37  9.994164E+00  1.521352E-12
 2.9935000E+02  9.910000E+37  9.994234E+00  1.522168E-12
 2.9940000E+02  9.910000E+37  9.992520E+00  1.516909E-12
 2.9945000E+02  9.910000E+37  9.988493E+00  1.536783E-12
 2.9950000E+02  9.910000E+37  9.988201E+00  1.523339E-12
 2.9955000E+02  9.910000E+37  9.986707E+00  1.531271E-12
 2.9960000E+02  9.910000E+37  9.985223E+00  1.529480E-12
 2.9965000E+02  9.910000E+37  9.985769E+00  1.532063E-12
 2.9970000E+02  9.910000E+37  9.983840E+00  1.529337E-12
 2.9975000E+02  9.910000E+37  9.981367E+00  1.534178E-12
 2.9980000E+02  9.910000E+37  9.980469E+00  1.534362E-12
 2.9985000E+02  9.910000E+37  9.976329E+00  1.538325E-12
 2.9990000E+02  9.910000E+37  9.975020E+00  1.531038E-12
 2.9995000E+02  9.910000E+37  9.974202E+00  1.544749E-12
 3.0000000E+02  9.910000E+37  9.972195E+00  1.540779E-12
 3.0005000E+02  9.910000E+37  9.971256E+00  1.544254E-12
 3.0010000E+02  9.910000E+37  9.970387E+00  1.553005E-12
 3.0015000E+02  9.910000E+37  9.967464E+00  1.549673E-12
 3.0020000E+02  9.910000E+37  9.966703E+00  1.557798E-12
 3.0025000E+02  9.910000E+37  9.966626E+00  1.548878E-12
 3.0030000E+02  9.910000E+37  9.965845E+00  1.559398E-12
 3.0035000E+02  9.910000E+37  9.962281E+00  1.556743E-12
 3.0040000E+02  9.910000E+37  9.960221E+00  1.552366E-12
 3.0045000E+02  9.910000E+37  9.959849E+00  1.555650E-12
 3.0050000E+02  9.910000E+37  9.959274E+00  1.551084E-12
 3.0055000E+02  9.910000E+37  9.956524E+00  1.562775E-12
 3.0060000E+02  9.910000E+37  9.955728E+00  1.555772E-12
 3.0065000E+02  9.910000E+37  9.954037E+00  1.561899E-12
 3.0070000E+02  9.910000E+37  9.952169E+00  1.569371E-12
 3.0075000E+02  9.910000E+37  9.951170E+00  1.574588E-12
 3.0080000E+02  9.910000E+37  9.949963E+00  1.564476E-12
 3.0085000E+02  9.910000E+37  9.945563E+00  1.573755E-12
 3.0090000E+02  9.910000E+37  9.946533E+00  1.569851E-12
 3.0095000E+02  9.910000E+37  9.945234E+00  1.581129E-12
 3.0100000E+02  9.910000E+37  9.942928E+00  1.576898E-12
 3.0105000E+02  9.910000E+37  9.941532E+00  1.578339E-12
 3.0110000E+02  9.910000E+37  9.940562E+00  1.584823E-12
 3.0115000E+02  9.910000E+37  9.940710E+00  1.566165E-12
 3.0120000E+02  9.910000E+37  9.938634E+00  1.581937E-12
 3.0125000E+02  9.910000E+37  9.937339E+00  1.583255E-12
 3.0130000E+02  9.910000E+37  9.937724E+00  1.575271E-12
 3.0135000E+02  9.910000E+37  9.933616E+00  1.580428E-12
 3.0140000E+02  9.910000E+37  9.931764E+00  1.586820E-12
 3.0145000E+02  9.910000E+37  9.929847E+00  1.579556E-12
 3.0150000E+02  9.910000E+37  9.930413E+00  1.580016E-12
 3.0155000E+02  9.910000E+37  9.930318E+00  1.572760E-12
 3.0160000E+02  9.910000E+37  9.927196E+00  1.590270E-12
 3.0165000E+02  9.910000E+37  9.925976E+00  1.581827E-12
 3.0170000E+02  9.910000E+37  9.922235E+00  1.582972E-12
 3.0175000E+02  9.910000E+37  9.921257E+00  1.587711E-12
 3.0180000E+02  9.910000E+37  9.920606E+00  1.597813E-12
 3.0185000E+02  9.910000E+37  9.919701E+00  1.584291E-12
 3.0190000E+02  9.910000E+37  9.917722E+00  1.595107E-12
 3.0195000E+02  9.910000E+37  9.915781E+00  1.596409E-12
 3.0200000E+02  9.910000E+37  9.916210E+00  1.613464E-12
 3.0205000E+02  9.910000E+37  9.914238E+00  1.608852E-12
 3.0210000E+02  9.910000E+37  9.912164E+00  1.599670E-12
 3.0215000E+02  9.910000E+37  9.908971E+00  1.606953E-12
 3.0220000E+02  9.910000E+37  9.909493E+00  1.609546E-12
 3.0225000E+02  9.910000E+37  9.907489E+00  1.610232E-12
 3.0230000E+02  9.910000E+37  9.907839E+00  1.616017E-12
 3.0235000E+02  9.910000E+37  9.903467E+00  1.615475E-12
 3.0240000E+02  9.910000E+37  9.902487E+00  1.621638E-12
 3.0245000E+02  9.910000E+37  9.901624E+00  1.621753E-12
 3.0250000E+02  9.910000E+37  9.900228E+00  1.629717E-12
 3.0255000E+02  9.910000E+37  9.898393E+00  1.632776E-12
 3.0260000E+02  9.910000E+37  9.896974E+00  1.638316E-12
 3.0265000E+02  9.910000E+37  9.895989E+00  1.650171E-12
 3.0270000E+02  9.910000E+37  9.894533E+00  1.644953E-12
 3.0275000E+02  9.910000E+37  9.889839E+00  1.643148E-12
 3.0280000E+02  9.910000E+37  9.890934E+00  1.651732E-12
 3.0285000E+02  9.910000E+37  9.889696E+00  1.657066E-12
 3.0290000E+02  9.910000E+37  9.887421E+00  1.651089E-12
 3.0295000E+02  9.910000E+37  9.886033E+00  1.654338E-12
 3.0300000E+02  9.910000E+37  9.885464E+00  1.665960E-12
 3.0305000E+02  9.910000E+37  9.884695E+00  1.653816E-12
 3.0310000E+02  9.910000E+37  9.880715E+00  1.652652E-12
 3.0315000E+02  9.910000E+37  9.881068E+00  1.659802E-12
 3.0320000E+02  9.910000E+37  9.877836E+00  1.660681E-12
 3.0325000E+02  9.910000E+37  9.879552E+00  1.653946E-12
 3.0330000E+02  9.910000E+37  9.876635E+00  1.672618E-12
 3.0335000E+02  9.910000E+37  9.873791E+00  1.663801E-12
 3.0340000E+02  9.910000E+37  9.874335E+00  1.658918E-12
 3.0345000E+02  9.910000E+37  9.871907E+00  1.656923E-12
 3.0350000E+02  9.910000E+37  9.871976E+00  1.653282E-12
 3.0355000E+02  9.910000E+37  9.868034E+00  1.652748E-12
 3.0360000E+02  9.910000E+37  9.868047E+00  1.652817E-12
 3.0365000E+02  9.910000E+37  9.867524E+00  1.641197E-12
 3.0370000E+02  9.910000E+37  9.865387E+00  1.643430E-12
 3.0375000E+02  9.910000E+37  9.862008E+00  1.648831E-12
 3.0380000E+02  9.910000E+37  9.862407E+00  1.635093E-12
 3.0385000E+02  9.910000E+37  9.859869E+00  1.635922E-12
 3.0390000E+02  9.910000E+37  9.859194E+00  1.627584E-12
 3.0395000E+02  9.910000E+37  9.858092E+00  1.623255E-12
 3.0400000E+02  9.910000E+37  9.856418E+00  1.623271E-12
 3.0405000E+02  9.910000E+37  9.854584E+00  1.616947E-12
 3.0410000E+02  9.910000E+37  9.853126E+00  1.614795E-12
 3.0415000E+02  9.910000E+37  9.853764E+00  1.600511E-12
 3.0420000E+02  9.910000E+37  9.851555E+00  1.595507E-12
 3.0425000E+02  9.910000E+37  9.848740E+00  1.594936E-12
 3.0430000E+02  9.910000E+37  9.846809E+00  1.587180E-12
 3.0435000E+02  9.910000E+37  9.846948E+00  1.591817E-12
 3.0440000E+02  9.910000E+37  9.844214E+00  1.584907E-12
 3.0445000E+02  9.910000E+37  9.842918E+00  1.589364E-12
 3.0450000E+02  9.910000E+37  9.842403E+00  1.588274E-12
 3.0455000E+02  9.910000E+37  9.839753E+00  1.576258E-12
 3.0460000E+02  9.910000E+37  9.839170E+00  1.568254E-12
 3.0465000E+02  9.910000E+37  9.838393E+00  1.571233E-12
 3.0470000E+02  9.910000E+37  9.836936E+00  1.558713E-12
 3.0475000E+02  9.910000E+37  9.834892E+00  1.568447E-12
 3.0480000E+02  9.910000E+37  9.834116E+00  1.561501E-12
 3.0485000E+02  9.910000E+37  9.832501E+00  1.552228E-12
 3.0490000E+02  9.910000E+37  9.829896E+00  1.551619E-12
 3.0495000E+02  9.910000E+37  9.829545E+00  1.550509E-12
 3.0500000E+02  9.910000E+37  9.827099E+00  1.544407E-12
 3.0505000E+02  9.910000E+37  9.824836E+00  1.545532E-12
 3.0510000E+02  9.910000E+37  9.822260E+00  1.545125E-12
 3.0515000E+02  9.910000E+37  9.823196E+00  1.534775E-12
 3.0520000E+02  9.910000E+37  9.822665E+00  1.544295E-12
 3.0525000E+02  9.910000E+37  9.820086E+00  1.534534E-12
 3.0530000E+02  9.910000E+37  9.819563E+00  1.526675E-12
 3.0535000E+02  9.910000E+37  9.816651E+00  1.531679E-12
 3.0540000E+02  9.910000E+37  9.816013E+00  1.538119E-12
 3.0545000E+02  9.910000E+37  9.814240E+00  1.531445E-12
 3.0550000E+02  9.910000E+37  9.811270E+00  1.533811E-12
 3.0555000E+02  9.910000E+37  9.811547E+00  1.529265E-12
 3.0560000E+02  9.910000E+37  9.809906E+00  1.534188E-12
 3.0565000E+02  9.910000E+37  9.809512E+00  1.529357E-12
 3.0570000E+02  9.910000E+37  9.807587E+00  1.531127E-12
 3.0575000E+02  9.910000E+37  9.805514E+00  1.526449E-12
 3.0580000E+02  9.910000E+37  9.804318E+00  1.537144E-12
 3.0585000E+02  9.910000E+37  9.803276E+00  1.534965E-12
 3.0590000E+02  9.910000E+37  9.801908E+00  1.535796E-12
 3.0595000E+02  9.910000E+37  9.800295E+00  1.537678E-12
 3.0600000E+02  9.910000E+37  9.797587E+00  1.532927E-12
 3.0605000E+02  9.910000E+37  9.796875E+00  1.542426E-12
 3.0610000E+02  9.910000E+37  9.795217E+00  1.544448E-12
 3.0615000E+02  9.910000E+37  9.793010E+00  1.541018E-12
 3.0620000E+02  9.910000E+37  9.793865E+00  1.541763E-12
 3.0625000E+02  9.910000E+37  9.791292E+00  1.552271E-12
 3.0630000E+02  9.910000E+37  9.789173E+00  1.546688E-12
 3.0635000E+02  9.910000E+37  9.790392E+00  1.547675E-12
 3.0640000E+02  9.910000E+37  9.787868E+00  1.549802E-12
 3.0645000E+02  9.910000E+37  9.786662E+00  1.550871E-12
 3.0650000E+02  9.910000E+37  9.785511E+00  1.548927E-12
 3.0655000E+02  9.910000E+37  9.783384E+00  1.558030E-12
 3.0660000E+02  9.910000E+37  9.782875E+00  1.555549E-12
 3.0665000E+02  9.910000E+37  9.781743E+00  1.565061E-12
 3.0670000E+02  9.910000E+37  9.779886E+00  1.563126E-12
 3.0675000E+02  9.910000E+37  9.778820E+00  1.561016E-12
 3.0680000E+02  9.910000E+37  9.776542E+00  1.558323E-12
 3.0685000E+02  9.910000E+37  9.775184E+00  1.563130E-12
 3.0690000E+02  9.910000E+37  9.773823E+00  1.569604E-12
 3.0695000E+02  9.910000E+37  9.770644E+00  1.557422E-12
 3.0700000E+02  9.910000E+37  9.770183E+00  1.562887E-12
 3.0705000E+02  9.910000E+37  9.768118E+00  1.557482E-12
 3.0710000E+02  9.910000E+37  9.768127E+00  1.556470E-12
 3.0715000E+02  9.910000E+37  9.767089E+00  1.557485E-12
 3.0720000E+02  9.910000E+37  9.765420E+00  1.551308E-12
 3.0725000E+02  9.910000E+37  9.764512E+00  1.541802E-12
 3.0730000E+02  9.910000E+37  9.761844E+00  1.553895E-12
 3.0735000E+02  9.910000E+37  9.761058E+00  1.540938E-12
 3.0740000E+02  9.910000E+37  9.760409E+00  1.553215E-12
 3.0745000E+02  9.910000E+37  9.759554E+00  1.539304E-12
 3.0750000E+02  9.910000E+37  9.757326E+00  1.526062E-12
 3.0755000E+02  9.910000E+37  9.758317E+00  1.535340E-12
 3.0760000E+02  9.910000E+37  9.756458E+00  1.525724E-12
 3.0765000E+02  9.910000E+37  9.752665E+00  1.521561E-12
 3.0770000E+02  9.910000E+37  9.752999E+00  1.516583E-12
 3.0775000E+02  9.910000E+37  9.750215E+00  1.511075E-12
 3.0780000E+02  9.910000E+37  9.748959E+00  1.516338E-12
 3.0785000E+02  9.910000E+37  9.748729E+00  1.500955E-12
 3.0790000E+02  9.910000E+37  9.745456E+00  1.503080E-12
 3.0795000E+02  9.910000E+37  9.745321E+00  1.493049E-12
 3.0800000E+02  9.910000E+37  9.742919E+00  1.503551E-12
 3.0805000E+02  9.910000E+37  9.742061E+00  1.480963E-12
 3.0810000E+02  9.910000E+37  9.740431E+00  1.472608E-12
 3.0815000E+02  9.910000E+37  9.738676E+00  1.465885E-12
 3.0820000E+02  9.910000E+37  9.737938E+00  1.459817E-12
 3.0825000E+02  9.910000E+37  9.736802E+00  1.454225E-12
 3.0830000E+02  9.910000E+37  9.735274E+00  1.456651E-12
 3.0835000E+02  9.910000E+37  9.733626E+00  1.443198E-12
 3.0840000E+02  9.910000E+37  9.731711E+00  1.446381E-12
 3.0845000E+02  9.910000E+37  9.730966E+00  1.436989E-12
 3.0850000E+02  9.910000E+37  9.729499E+00  1.438627E-12
 3.0855000E+02  9.910000E+37  9.728284E+00  1.426995E-12
 3.0860000E+02  9.910000E+37  9.728352E+00  1.416976E-12
 3.0865000E+02  9.910000E+37  9.726577E+00  1.416836E-12
 3.0870000E+02  9.910000E+37  9.725568E+00  1.409600E-12
 3.0875000E+02  9.910000E+37  9.722954E+00  1.393698E-12
 3.0880000E+02  9.910000E+37  9.723049E+00  1.394944E-12
 3.0885000E+02  9.910000E+37  9.719500E+00  1.378983E-12
 3.0890000E+02  9.910000E+37  9.718310E+00  1.372042E-12
 3.0895000E+02  9.910000E+37  9.717243E+00  1.369338E-12
 3.0900000E+02  9.910000E+37  9.715991E+00  1.368074E-12
 3.0905000E+02  9.910000E+37  9.713002E+00  1.354204E-12
 3.0910000E+02  9.910000E+37  9.711916E+00  1.345017E-12
 3.0915000E+02  9.910000E+37  9.710449E+00  1.338239E-12
 3.0920000E+02  9.910000E+37  9.707698E+00  1.328955E-12
 3.0925000E+02  9.910000E+37  9.706249E+00  1.325352E-12
 3.0930000E+02  9.910000E+37  9.707024E+00  1.316770E-12
 3.0935000E+02  9.910000E+37  9.704398E+00  1.312243E-12
 3.0940000E+02  9.910000E+37  9.703786E+00  1.304105E-12
 3.0945000E+02  9.910000E+37  9.701298E+00  1.284477E-12
 3.0950000E+02  9.910000E+37  9.702200E+00  1.297533E-12
 3.0955000E+02  9.910000E+37  9.699505E+00  1.274233E-12
 3.0960000E+02  9.910000E+37  9.698162E+00  1.268477E-12
 3.0965000E+02  9.910000E+37  9.697281E+00  1.267789E-12
 3.0970000E+02  9.910000E+37  9.695030E+00  1.260179E-12
 3.0975000E+02  9.910000E+37  9.692594E+00  1.254156E-12
 3.0980000E+02  9.910000E+37  9.691625E+00  1.243436E-12
 3.0985000E+02  9.910000E+37  9.692670E+00  1.224866E-12
 3.0990000E+02  9.910000E+37  9.689734E+00  1.222107E-12
 3.0995000E+02  9.910000E+37  9.688453E+00  1.224188E-12
 3.1000000E+02  9.910000E+37  9.685710E+00  1.218222E-12
 3.1005000E+02  9.910000E+37  9.684797E+00  1.190333E-12
 3.1010000E+02  9.910000E+37  9.684272E+00  1.192183E-12
 3.1015000E+02  9.910000E+37  9.682591E+00  1.186858E-12
 3.1020000E+02  9.910000E+37  9.681449E+00  1.166185E-12
 3.1025000E+02  9.910000E+37  9.679392E+00  1.170395E-12
 3.1030000E+02  9.910000E+37  9.676752E+00  1.155177E-12
 3.1035000E+02  9.910000E+37  9.674773E+00  1.150579E-12
 3.1040000E+02  9.910000E+37  9.674433E+00  1.141663E-12
 3.1045000E+02  9.910000E+37  9.672900E+00  1.134438E-12
 3.1050000E+02  9.910000E+37  9.671719E+00  1.133054E-12
 3.1055000E+02  9.910000E+37  9.669797E+00  1.116778E-12
 3.1060000E+02  9.910000E+37  9.668290E+00  1.108987E-12
 3.1065000E+02  9.910000E+37  9.666476E+00  1.110568E-12
 3.1070000E+02  9.910000E+37  9.669003E+00  1.092090E-12
 3.1075000E+02  9.910000E+37  9.666259E+00  1.085820E-12
 3.1080000E+02  9.910000E+37  9.664624E+00  1.079555E-12
 3.1085000E+02  9.910000E+37  9.661777E+00  1.077700E-12
 3.1090000E+02  9.910000E+37  9.661011E+00  1.059081E-12
 3.1095000E+02  9.910000E+37  9.660935E+00  1.054234E-12
 3.1100000E+02  9.910000E+37  9.659969E+00  1.044054E-12
 3.1105000E+02  9.910000E+37  9.657825E+00  1.036997E-12
 3.1110000E+02  9.910000E+37  9.656796E+00  1.019911E-12
 3.1115000E+02  9.910000E+37  9.655966E+00  1.020485E-12
 3.1120000E+02  9.910000E+37  9.653142E+00  1.013502E-12
 3.1125000E+02  9.910000E+37  9.650261E+00  1.011042E-12
 3.1130000E+02  9.910000E+37  9.651140E+00  1.006878E-12
 3.1135000E+02  9.910000E+37  9.646606E+00  9.920691E-13
 3.1140000E+02  9.910000E+37  9.648733E+00  9.864251E-13
 3.1145000E+02  9.910000E+37  9.647794E+00  9.792654E-13
 3.1150000E+02  9.910000E+37  9.647239E+00  9.575404E-13
 3.1155000E+02  9.910000E+37  9.644920E+00  9.582308E-13
 3.1160000E+02  9.910000E+37  9.641971E+00  9.406051E-13
 3.1165000E+02  9.910000E+37  9.640240E+00  9.441497E-13
 3.1170000E+02  9.910000E+37  9.639400E+00  9.352987E-13
 3.1175000E+02  9.910000E+37  9.639074E+00  9.291932E-13
 3.1180000E+02  9.910000E+37  9.636470E+00  9.158036E-13
 3.1185000E+02  9.910000E+37  9.635431E+00  9.086252E-13
 3.1190000E+02  9.910000E+37  9.632922E+00  9.102450E-13
 3.1195000E+02  9.910000E+37  9.632720E+00  9.107491E-13
 3.1200000E+02  9.910000E+37  9.632043E+00  9.068588E-13
 3.1205000E+02  9.910000E+37  9.630005E+00  9.013910E-13
 3.1210000E+02  9.910000E+37  9.629210E+00  8.806590E-13
 3.1215000E+02  9.910000E+37  9.627924E+00  8.828385E-13
 3.1220000E+02  9.910000E+37  9.625817E+00  8.675216E-13
 3.1225000E+02  9.910000E+37  9.625668E+00  8.758717E-13
 3.1230000E+02  9.910000E+37  9.624572E+00  8.627802E-13
 3.1235000E+02  9.910000E+37  9.622440E+00  8.577142E-13
 3.1240000E+02  9.910000E+37  9.619737E+00  8.462625E-13
 3.1245000E+02  9.910000E+37  9.619726E+00  8.426384E-13
 3.1250000E+02  9.910000E+37  9.619186E+00  8.371668E-13
 3.1255000E+02  9.910000E+37  9.617294E+00  8.438633E-13
 3.1260000E+02  9.910000E+37  9.614727E+00  8.332798E-13
 3.1265000E+02  9.910000E+37  9.615906E+00  8.265397E-13
 3.1270000E+02  9.910000E+37  9.611732E+00  8.256517E-13
 3.1275000E+02  9.910000E+37  9.610090E+00  8.151110E-13
 3.1280000E+02  9.910000E+37  9.610867E+00  8.060954E-13
 3.1285000E+02  9.910000E+37  9.608800E+00  8.068655E-13
 3.1290000E+02  9.910000E+37  9.604670E+00  8.075135E-13
 3.1295000E+02  9.910000E+37  9.604792E+00  8.046094E-13
 3.1300000E+02  9.910000E+37  9.602903E+00  8.111352E-13
 3.1305000E+02  9.910000E+37  9.602487E+00  8.030569E-13
 3.1310000E+02  9.910000E+37  9.602444E+00  7.966909E-13
 3.1315000E+02  9.910000E+37  9.601192E+00  7.943504E-13
 3.1320000E+02  9.910000E+37  9.600056E+00  7.890449E-13
 3.1325000E+02  9.910000E+37  9.595442E+00  7.837518E-13
 3.1330000E+02  9.910000E+37  9.594793E+00  7.845284E-13
 3.1335000E+02  9.910000E+37  9.593378E+00  7.852057E-13
 3.1340000E+02  9.910000E+37  9.591042E+00  7.845536E-13
 3.1345000E+02  9.910000E+37  9.590293E+00  7.748774E-13
 3.1350000E+02  9.910000E+37  9.589568E+00  7.854281E-13
 3.1355000E+02  9.910000E+37  9.590236E+00  7.710724E-13
 3.1360000E+02  9.910000E+37  9.588237E+00  7.753350E-13
 3.1365000E+02  9.910000E+37  9.587143E+00  7.725510E-13
 3.1370000E+02  9.910000E+37  9.585245E+00  7.641393E-13
 3.1375000E+02  9.910000E+37  9.583808E+00  7.703960E-13
 3.1380000E+02  9.910000E+37  9.583135E+00  7.651781E-13
 3.1385000E+02  9.910000E+37  9.582945E+00  7.661475E-13
 3.1390000E+02  9.910000E+37  9.580554E+00  7.660060E-13
 3.1395000E+02  9.910000E+37  9.577448E+00  7.620038E-13
 3.1400000E+02  9.910000E+37  9.576034E+00  7.535930E-13
 3.1405000E+02  9.910000E+37  9.575493E+00  7.590097E-13
 3.1410000E+02  9.910000E+37  9.573571E+00  7.547637E-13
 3.1415000E+02  9.910000E+37  9.571447E+00  7.502291E-13
 3.1420000E+02  9.910000E+37  9.567852E+00  7.501775E-13
 3.1425000E+02  9.910000E+37  9.568985E+00  7.498035E-13
 3.1430000E+02  9.910000E+37  9.567763E+00  7.411973E-13
 3.1435000E+02  9.910000E+37  9.567798E+00  7.449348E-13
 3.1440000E+02  9.910000E+37  9.565718E+00  7.374649E-13
 3.1445000E+02  9.910000E+37  9.565008E+00  7.445448E-13
 3.1450000E+02  9.910000E+37  9.562966E+00  7.481090E-13
 3.1455000E+02  9.910000E+37  9.560040E+00  7.418363E-13
 3.1460000E+02  9.910000E+37  9.559960E+00  7.329158E-13
 3.1465000E+02  9.910000E+37  9.559391E+00  7.434105E-13
 3.1470000E+02  9.910000E+37  9.556280E+00  7.438254E-13
 3.1475000E+02  9.910000E+37  9.555276E+00  7.375267E-13
 3.1480000E+02  9.910000E+37  9.554614E+00  7.329297E-13
 3.1485000E+02  9.910000E+37  9.552355E+00  7.269310E-13
 3.1490000E+02  9.910000E+37  9.551157E+00  7.290809E-13
 3.1495000E+02  9.910000E+37  9.550297E+00  7.320576E-13
 3.1500000E+02  9.910000E+37  9.548764E+00  7.330547E-13
 3.1505000E+02  9.910000E+37  9.546864E+00  7.163833E-13
 3.1510000E+02  9.910000E+37  9.546428E+00  7.245150E-13
 3.1515000E+02  9.910000E+37  9.545511E+00  7.281658E-13
 3.1520000E+02  9.910000E+37  9.544808E+00  7.178715E-13
 3.1525000E+02  9.910000E+37  9.543354E+00  7.269364E-13
 3.1530000E+02  9.910000E+37  9.541848E+00  7.229257E-13
 3.1535000E+02  9.910000E+37  9.539807E+00  7.239008E-13
 3.1540000E+02  9.910000E+37  9.537858E+00  7.242947E-13
 3.1545000E+02  9.910000E+37  9.536435E+00  7.200812E-13
 3.1550000E+02  9.910000E+37  9.536439E+00  7.095713E-13
 3.1555000E+02  9.910000E+37  9.536147E+00  7.164201E-13
 3.1560000E+02  9.910000E+37  9.532299E+00  7.171089E-13
 3.1565000E+02  9.910000E+37  9.532105E+00  7.093882E-13
 3.1570000E+02  9.910000E+37  9.531261E+00  7.181471E-13
 3.1575000E+02  9.910000E+37  9.528501E+00  7.110640E-13
 3.1580000E+02  9.910000E+37  9.526127E+00  7.152465E-13
 3.1585000E+02  9.910000E+37  9.525490E+00  7.181654E-13
 3.1590000E+02  9.910000E+37  9.524576E+00  7.100400E-13
 3.1595000E+02  9.910000E+37  9.523587E+00  7.203656E-13
 3.1600000E+02  9.910000E+37  9.521762E+00  7.140266E-13
 3.1605000E+02  9.910000E+37  9.520521E+00  7.189579E-13
 3.1610000E+02  9.910000E+37  9.519016E+00  7.123097E-13
 3.1615000E+02  9.910000E+37  9.516443E+00  7.121604E-13
 3.1620000E+02  9.910000E+37  9.517126E+00  7.102124E-13
 3.1625000E+02  9.910000E+37  9.515191E+00  7.182688E-13
 3.1630000E+02  9.910000E+37  9.514127E+00  7.091250E-13
 3.1635000E+02  9.910000E+37  9.513400E+00  7.112737E-13
 3.1640000E+02  9.910000E+37  9.511334E+00  7.106531E-13
 3.1645000E+02  9.910000E+37  9.511206E+00  7.096509E-13
 3.1650000E+02  9.910000E+37  9.509451E+00  7.136619E-13
 3.1655000E+02  9.910000E+37  9.507782E+00  7.109535E-13
 3.1660000E+02  9.910000E+37  9.506599E+00  7.122441E-13
 3.1665000E+02  9.910000E+37  9.503873E+00  7.078823E-13
 3.1670000E+02  9.910000E+37  9.503277E+00  7.126995E-13
 3.1675000E+02  9.910000E+37  9.502962E+00  7.116713E-13
 3.1680000E+02  9.910000E+37  9.501765E+00  7.054587E-13
 3.1685000E+02  9.910000E+37  9.501256E+00  7.090895E-13
 3.1690000E+02  9.910000E+37  9.500810E+00  7.128155E-13
 3.1695000E+02  9.910000E+37  9.498791E+00  7.170643E-13
 3.1700000E+02  9.910000E+37  9.498022E+00  7.083267E-13
 3.1705000E+02  9.910000E+37  9.495435E+00  7.071901E-13
 3.1710000E+02  9.910000E+37  9.495107E+00  7.101280E-13
 3.1715000E+02  9.910000E+37  9.492019E+00  7.133331E-13
 3.1720000E+02  9.910000E+37  9.491576E+00  7.155803E-13
 3.1725000E+02  9.910000E+37  9.490279E+00  7.199961E-13
 3.1730000E+02  9.910000E+37  9.487864E+00  7.172748E-13
 3.1735000E+02  9.910000E+37  9.487369E+00  7.224225E-13
 3.1740000E+02  9.910000E+37  9.485514E+00  7.238383E-13
 3.1745000E+02  9.910000E+37  9.485487E+00  7.186916E-13
 3.1750000E+02  9.910000E+37  9.484967E+00  7.253817E-13
 3.1755000E+02  9.910000E+37  9.483354E+00  7.220198E-13
 3.1760000E+02  9.910000E+37  9.482085E+00  7.192610E-13
 3.1765000E+02  9.910000E+37  9.480969E+00  7.279026E-13
 3.1770000E+02  9.910000E+37  9.479541E+00  7.311132E-13
 3.1775000E+02  9.910000E+37  9.477968E+00  7.281507E-13
 3.1780000E+02  9.910000E+37  9.477597E+00  7.217276E-13
 3.1785000E+02  9.910000E+37  9.473865E+00  7.220303E-13
 3.1790000E+02  9.910000E+37  9.475715E+00  7.303743E-13
 3.1795000E+02  9.910000E+37  9.472731E+00  7.282128E-13
 3.1800000E+02  9.910000E+37  9.472025E+00  7.393631E-13
 3.1805000E+02  9.910000E+37  9.468439E+00  7.327272E-13
 3.1810000E+02  9.910000E+37  9.465364E+00  7.279057E-13
 3.1815000E+02  9.910000E+37  9.465113E+00  7.397745E-13
 3.1820000E+02  9.910000E+37  9.464522E+00  7.249772E-13
 3.1825000E+02  9.910000E+37  9.462673E+00  7.315224E-13
 3.1830000E+02  9.910000E+37  9.462061E+00  7.310594E-13
 3.1835000E+02  9.910000E+37  9.462977E+00  7.379726E-13
 3.1840000E+02  9.910000E+37  9.461818E+00  7.317741E-13
 3.1845000E+02  9.910000E+37  9.458969E+00  7.419801E-13
 3.1850000E+02  9.910000E+37  9.458358E+00  7.424661E-13
 3.1855000E+02  9.910000E+37  9.457687E+00  7.494880E-13
 3.1860000E+02  9.910000E+37  9.455520E+00  7.407722E-13
 3.1865000E+02  9.910000E+37  9.454956E+00  7.444155E-13
 3.1870000E+02  9.910000E+37  9.452224E+00  7.437671E-13
 3.1875000E+02  9.910000E+37  9.451729E+00  7.522447E-13
 3.1880000E+02  9.910000E+37  9.449718E+00  7.526619E-13
 3.1885000E+02  9.910000E+37  9.447252E+00  7.483198E-13
 3.1890000E+02  9.910000E+37  9.446588E+00  7.535294E-13
 3.1895000E+02  9.910000E+37  9.445941E+00  7.482693E-13
 3.1900000E+02  9.910000E+37  9.443286E+00  7.593871E-13
 3.1905000E+02  9.910000E+37  9.443210E+00  7.536719E-13
 3.1910000E+02  9.910000E+37  9.440489E+00  7.612658E-13
 3.1915000E+02  9.910000E+37  9.439764E+00  7.614816E-13
 3.1920000E+02  9.910000E+37  9.439930E+00  7.582612E-13
 3.1925000E+02  9.910000E+37  9.438542E+00  7.666885E-13
 3.1930000E+02  9.910000E+37  9.436632E+00  7.691516E-13
 3.1935000E+02  9.910000E+37  9.436161E+00  7.652227E-13
 3.1940000E+02  9.910000E+37  9.432953E+00  7.771080E-13
 3.1945000E+02  9.910000E+37  9.432773E+00  7.744867E-13
 3.1950000E+02  9.910000E+37  9.431913E+00  7.846382E-13
 3.1955000E+02  9.910000E+37  9.431463E+00  7.837371E-13
 3.1960000E+02  9.910000E+37  9.428918E+00  7.805229E-13
 3.1965000E+02  9.910000E+37  9.428276E+00  7.801600E-13
 3.1970000E+02  9.910000E+37  9.425819E+00  7.737643E-13
 3.1975000E+02  9.910000E+37  9.424384E+00  7.808222E-13
 3.1980000E+02  9.910000E+37  9.423881E+00  7.889687E-13
 3.1985000E+02  9.910000E+37  9.423265E+00  7.893613E-13
 3.1990000E+02  9.910000E+37  9.422910E+00  7.921154E-13
 3.1995000E+02  9.910000E+37  9.420944E+00  7.979223E-13
 3.2000000E+02  9.910000E+37  9.418606E+00  7.983441E-13

