
 2.8000000E+02  9.910000E+37  1.785212E+01  1.223483E-13
 2.8005000E+02  9.910000E+37  1.784557E+01  1.236469E-13
 2.8010000E+02  9.910000E+37  1.784117E+01  1.514406E-13
 2.8015000E+02  9.910000E+37  1.783941E+01  1.432823E-13
 2.8020000E+02  9.910000E+37  1.783480E+01  1.419119E-13
 2.8025000E+02  9.910000E+37  1.783262E+01  1.424020E-13
 2.8030000E+02  9.910000E+37  1.782880E+01  1.484841E-13
 2.8035000E+02  9.910000E+37  1.782530E+01  1.600134E-13
 2.8040000E+02  9.910000E+37  1.781651E+01  1.423212E-13
 2.8045000E+02  9.910000E+37  1.781389E+01  1.635280E-13
 2.8050000E+02  9.910000E+37  1.781167E+01  1.341414E-13
 2.8055000E+02  9.910000E+37  1.780610E+01  1.485500E-13
 2.8060000E+02  9.910000E+37  1.780189E+01  1.514542E-13
 2.8065000E+02  9.910000E+37  1.779651E+01  1.317437E-13
 2.8070000E+02  9.910000E+37  1.779465E+01  1.460459E-13
 2.8075000E+02  9.910000E+37  1.779166E+01  1.542072E-13
 2.8080000E+02  9.910000E+37  1.778761E+01  1.763200E-13
 2.8085000E+02  9.910000E+37  1.778494E+01  1.473184E-13
 2.8090000E+02  9.910000E+37  1.778247E+01  1.400905E-13
 2.8095000E+02  9.910000E+37  1.777655E+01  1.417305E-13
 2.8100000E+02  9.910000E+37  1.777229E+01  1.349081E-13
 2.8105000E+02  9.910000E+37  1.776721E+01  1.562818E-13
 2.8110000E+02  9.910000E+37  1.776682E+01  1.365062E-13
 2.8115000E+02  9.910000E+37  1.775969E+01  1.380697E-13
 2.8120000E+02  9.910000E+37  1.775860E+01  1.362416E-13
 2.8125000E+02  9.910000E+37  1.775399E+01  1.492994E-13
 2.8130000E+02  9.910000E+37  1.775135E+01  1.414570E-13
 2.8135000E+02  9.910000E+37  1.774875E+01  1.279671E-13
 2.8140000E+02  9.910000E+37  1.774524E+01  1.392094E-13
 2.8145000E+02  9.910000E+37  1.774173E+01  1.514958E-13
 2.8150000E+02  9.910000E+37  1.773744E+01  1.421832E-13
 2.8155000E+02  9.910000E+37  1.773273E+01  1.288898E-13
 2.8160000E+02  9.910000E+37  1.773127E+01  1.312462E-13
 2.8165000E+02  9.910000E+37  1.772417E+01  1.674292E-13
 2.8170000E+02  9.910000E+37  1.772142E+01  1.392290E-13
 2.8175000E+02  9.910000E+37  1.771719E+01  1.437333E-13
 2.8180000E+02  9.910000E+37  1.771578E+01  1.623314E-13
 2.8185000E+02  9.910000E+37  1.771190E+01  1.236234E-13
 2.8190000E+02  9.910000E+37  1.770687E+01  1.452832E-13
 2.8195000E+02  9.910000E+37  1.770415E+01  1.591671E-13
 2.8200000E+02  9.910000E+37  1.770088E+01  1.396439E-13
 2.8205000E+02  9.910000E+37  1.769534E+01  1.379987E-13
 2.8210000E+02  9.910000E+37  1.769336E+01  1.372373E-13
 2.8215000E+02  9.910000E+37  1.769077E+01  1.540569E-13
 2.8220000E+02  9.910000E+37  1.768541E+01  1.444010E-13
 2.8225000E+02  9.910000E+37  1.768173E+01  1.402021E-13
 2.8230000E+02  9.910000E+37  1.767811E+01  1.464954E-13
 2.8235000E+02  9.910000E+37  1.767378E+01  1.374068E-13
 2.8240000E+02  9.910000E+37  1.766918E+01  1.333089E-13
 2.8245000E+02  9.910000E+37  1.766508E+01  1.328928E-13
 2.8250000E+02  9.910000E+37  1.766170E+01  1.217445E-13
 2.8255000E+02  9.910000E+37  1.765666E+01  1.279565E-13
 2.8260000E+02  9.910000E+37  1.765309E+01  1.508687E-13
 2.8265000E+02  9.910000E+37  1.765233E+01  1.492704E-13
 2.8270000E+02  9.910000E+37  1.764791E+01  1.273825E-13
 2.8275000E+02  9.910000E+37  1.764315E+01  1.493405E-13
 2.8280000E+02  9.910000E+37  1.764105E+01  1.477419E-13
 2.8285000E+02  9.910000E+37  1.763727E+01  1.552037E-13
 2.8290000E+02  9.910000E+37  1.763284E+01  1.484969E-13
 2.8295000E+02  9.910000E+37  1.762815E+01  1.430629E-13
 2.8300000E+02  9.910000E+37  1.762710E+01  1.543720E-13
 2.8305000E+02  9.910000E+37  1.762338E+01  1.547652E-13
 2.8310000E+02  9.910000E+37  1.761879E+01  1.560680E-13
 2.8315000E+02  9.910000E+37  1.761738E+01  1.484961E-13
 2.8320000E+02  9.910000E+37  1.761253E+01  1.278541E-13
 2.8325000E+02  9.910000E+37  1.760796E+01  1.443213E-13
 2.8330000E+02  9.910000E+37  1.760490E+01  1.432998E-13
 2.8335000E+02  9.910000E+37  1.760127E+01  1.361474E-13
 2.8340000E+02  9.910000E+37  1.759649E+01  1.410490E-13
 2.8345000E+02  9.910000E+37  1.759456E+01  1.470458E-13
 2.8350000E+02  9.910000E+37  1.759109E+01  1.470547E-13
 2.8355000E+02  9.910000E+37  1.758735E+01  1.610686E-13
 2.8360000E+02  9.910000E+37  1.758247E+01  1.522181E-13
 2.8365000E+02  9.910000E+37  1.757879E+01  1.282973E-13
 2.8370000E+02  9.910000E+37  1.757540E+01  1.571017E-13
 2.8375000E+02  9.910000E+37  1.757379E+01  1.658998E-13
 2.8380000E+02  9.910000E+37  1.757021E+01  1.852408E-13
 2.8385000E+02  9.910000E+37  1.756379E+01  1.875446E-13
 2.8390000E+02  9.910000E+37  1.756090E+01  1.786901E-13
 2.8395000E+02  9.910000E+37  1.755884E+01  1.903409E-13
 2.8400000E+02  9.910000E+37  1.755507E+01  2.034654E-13
 2.8405000E+02  9.910000E+37  1.755328E+01  2.518392E-13
 2.8410000E+02  9.910000E+37  1.755009E+01  2.722314E-13
 2.8415000E+02  9.910000E+37  1.754515E+01  2.994521E-13
 2.8420000E+02  9.910000E+37  1.754029E+01  3.795752E-13
 2.8425000E+02  9.910000E+37  1.753745E+01  4.389444E-13
 2.8430000E+02  9.910000E+37  1.753309E+01  5.141811E-13
 2.8435000E+02  9.910000E+37  1.753115E+01  6.131348E-13
 2.8440000E+02  9.910000E+37  1.752993E+01  7.400998E-13
 2.8445000E+02  9.910000E+37  1.752532E+01  8.571202E-13
 2.8450000E+02  9.910000E+37  1.751986E+01  1.001388E-12
 2.8455000E+02  9.910000E+37  1.751849E+01  1.151600E-12
 2.8460000E+02  9.910000E+37  1.751238E+01  1.336688E-12
 2.8465000E+02  9.910000E+37  1.750828E+01  1.521165E-12
 2.8470000E+02  9.910000E+37  1.750312E+01  1.711852E-12
 2.8475000E+02  9.910000E+37  1.750048E+01  1.860029E-12
 2.8480000E+02  9.910000E+37  1.749744E+01  2.057246E-12
 2.8485000E+02  9.910000E+37  1.749504E+01  2.189502E-12
 2.8490000E+02  9.910000E+37  1.749321E+01  2.324752E-12
 2.8495000E+02  9.910000E+37  1.748808E+01  2.405498E-12
 2.8500000E+02  9.910000E+37  1.748344E+01  2.452991E-12
 2.8505000E+02  9.910000E+37  1.748204E+01  2.491643E-12
 2.8510000E+02  9.910000E+37  1.747861E+01  2.493534E-12
 2.8515000E+02  9.910000E+37  1.747171E+01  2.465620E-12
 2.8520000E+02  9.910000E+37  1.746633E+01  2.449702E-12
 2.8525000E+02  9.910000E+37  1.746316E+01  2.433113E-12
 2.8530000E+02  9.910000E+37  1.745983E+01  2.372267E-12
 2.8535000E+02  9.910000E+37  1.745768E+01  2.298103E-12
 2.8540000E+02  9.910000E+37  1.745212E+01  2.200572E-12
 2.8545000E+02  9.910000E+37  1.744938E+01  2.055194E-12
 2.8550000E+02  9.910000E+37  1.744788E+01  1.914796E-12
 2.8555000E+02  9.910000E+37  1.744382E+01  1.730529E-12
 2.8560000E+02  9.910000E+37  1.743796E+01  1.558947E-12
 2.8565000E+02  9.910000E+37  1.743551E+01  1.425612E-12
 2.8570000E+02  9.910000E+37  1.743330E+01  1.287119E-12
 2.8575000E+02  9.910000E+37  1.743023E+01  1.163088E-12
 2.8580000E+02  9.910000E+37  1.742564E+01  1.083686E-12
 2.8585000E+02  9.910000E+37  1.742006E+01  1.032342E-12
 2.8590000E+02  9.910000E+37  1.741502E+01  9.939560E-13
 2.8595000E+02  9.910000E+37  1.741244E+01  9.812921E-13
 2.8600000E+02  9.910000E+37  1.740806E+01  9.662584E-13
 2.8605000E+02  9.910000E+37  1.740392E+01  9.639346E-13
 2.8610000E+02  9.910000E+37  1.740276E+01  9.231528E-13
 2.8615000E+02  9.910000E+37  1.739922E+01  9.532209E-13
 2.8620000E+02  9.910000E+37  1.739256E+01  9.127549E-13
 2.8625000E+02  9.910000E+37  1.738992E+01  9.375974E-13
 2.8630000E+02  9.910000E+37  1.738716E+01  9.133085E-13
 2.8635000E+02  9.910000E+37  1.738457E+01  9.001486E-13
 2.8640000E+02  9.910000E+37  1.738028E+01  9.140936E-13
 2.8645000E+02  9.910000E+37  1.737561E+01  8.945225E-13
 2.8650000E+02  9.910000E+37  1.737373E+01  9.213318E-13
 2.8655000E+02  9.910000E+37  1.737045E+01  8.971932E-13
 2.8660000E+02  9.910000E+37  1.736397E+01  8.992423E-13
 2.8665000E+02  9.910000E+37  1.736185E+01  9.212433E-13
 2.8670000E+02  9.910000E+37  1.735779E+01  9.360933E-13
 2.8675000E+02  9.910000E+37  1.735374E+01  9.360876E-13
 2.8680000E+02  9.910000E+37  1.735142E+01  9.228027E-13
 2.8685000E+02  9.910000E+37  1.734862E+01  9.236504E-13
 2.8690000E+02  9.910000E+37  1.734524E+01  9.366770E-13
 2.8695000E+02  9.910000E+37  1.734305E+01  9.406307E-13
 2.8700000E+02  9.910000E+37  1.733876E+01  9.553192E-13
 2.8705000E+02  9.910000E+37  1.733687E+01  9.460854E-13
 2.8710000E+02  9.910000E+37  1.733141E+01  9.328784E-13
 2.8715000E+02  9.910000E+37  1.732752E+01  9.537256E-13
 2.8720000E+02  9.910000E+37  1.732306E+01  9.540595E-13
 2.8725000E+02  9.910000E+37  1.732174E+01  9.448206E-13
 2.8730000E+02  9.910000E+37  1.731703E+01  9.695771E-13
 2.8735000E+02  9.910000E+37  1.731242E+01  9.540738E-13
 2.8740000E+02  9.910000E+37  1.731124E+01  9.601967E-13
 2.8745000E+02  9.910000E+37  1.730637E+01  9.625422E-13
 2.8750000E+02  9.910000E+37  1.730322E+01  9.804491E-13
 2.8755000E+02  9.910000E+37  1.730048E+01  9.575339E-13
 2.8760000E+02  9.910000E+37  1.729664E+01  9.416723E-13
 2.8765000E+02  9.910000E+37  1.729243E+01  9.488948E-13
 2.8770000E+02  9.910000E+37  1.728793E+01  9.517514E-13
 2.8775000E+02  9.910000E+37  1.728812E+01  9.607498E-13
 2.8780000E+02  9.910000E+37  1.728239E+01  9.575524E-13
 2.8785000E+02  9.910000E+37  1.727881E+01  9.490478E-13
 2.8790000E+02  9.910000E+37  1.727579E+01  9.620125E-13
 2.8795000E+02  9.910000E+37  1.727254E+01  9.378953E-13
 2.8800000E+02  9.910000E+37  1.726507E+01  9.548792E-13
 2.8805000E+02  9.910000E+37  1.726365E+01  9.561551E-13
 2.8810000E+02  9.910000E+37  1.725902E+01  9.646395E-13
 2.8815000E+02  9.910000E+37  1.725694E+01  9.493891E-13
 2.8820000E+02  9.910000E+37  1.725499E+01  9.572333E-13
 2.8825000E+02  9.910000E+37  1.725131E+01  9.532343E-13
 2.8830000E+02  9.910000E+37  1.724748E+01  9.695718E-13
 2.8835000E+02  9.910000E+37  1.724336E+01  9.815022E-13
 2.8840000E+02  9.910000E+37  1.723843E+01  9.544887E-13
 2.8845000E+02  9.910000E+37  1.723706E+01  9.779061E-13
 2.8850000E+02  9.910000E+37  1.723320E+01  9.771472E-13
 2.8855000E+02  9.910000E+37  1.722919E+01  9.652717E-13
 2.8860000E+02  9.910000E+37  1.722651E+01  9.500216E-13
 2.8865000E+02  9.910000E+37  1.722228E+01  9.526774E-13
 2.8870000E+02  9.910000E+37  1.722066E+01  9.710673E-13
 2.8875000E+02  9.910000E+37  1.721796E+01  9.403704E-13
 2.8880000E+02  9.910000E+37  1.721192E+01  9.747048E-13
 2.8885000E+02  9.910000E+37  1.720619E+01  9.670885E-13
 2.8890000E+02  9.910000E+37  1.720378E+01  9.671038E-13
 2.8895000E+02  9.910000E+37  1.720229E+01  9.625543E-13
 2.8900000E+02  9.910000E+37  1.719771E+01  9.644216E-13
 2.8905000E+02  9.910000E+37  1.719429E+01  9.536294E-13
 2.8910000E+02  9.910000E+37  1.718987E+01  9.659802E-13
 2.8915000E+02  9.910000E+37  1.718431E+01  9.744390E-13
 2.8920000E+02  9.910000E+37  1.718425E+01  9.684594E-13
 2.8925000E+02  9.910000E+37  1.717943E+01  9.659781E-13
 2.8930000E+02  9.910000E+37  1.717687E+01  9.635120E-13
 2.8935000E+02  9.910000E+37  1.717441E+01  9.604772E-13
 2.8940000E+02  9.910000E+37  1.716974E+01  9.701706E-13
 2.8945000E+02  9.910000E+37  1.716812E+01  1.000205E-12
 2.8950000E+02  9.910000E+37  1.716468E+01  9.875413E-13
 2.8955000E+02  9.910000E+37  1.715966E+01  9.730020E-13
 2.8960000E+02  9.910000E+37  1.715743E+01  9.938272E-13
 2.8965000E+02  9.910000E+37  1.715505E+01  9.949958E-13
 2.8970000E+02  9.910000E+37  1.714886E+01  1.002068E-12
 2.8975000E+02  9.910000E+37  1.714454E+01  9.944154E-13
 2.8980000E+02  9.910000E+37  1.714308E+01  1.005921E-12
 2.8985000E+02  9.910000E+37  1.713685E+01  9.873055E-13
 2.8990000E+02  9.910000E+37  1.713530E+01  9.964117E-13
 2.8995000E+02  9.910000E+37  1.713329E+01  9.926954E-13
 2.9000000E+02  9.910000E+37  1.712881E+01  9.910648E-13
 2.9005000E+02  9.910000E+37  1.712514E+01  1.001571E-12
 2.9010000E+02  9.910000E+37  1.712348E+01  1.002304E-12
 2.9015000E+02  9.910000E+37  1.711941E+01  9.928572E-13
 2.9020000E+02  9.910000E+37  1.711505E+01  1.011839E-12
 2.9025000E+02  9.910000E+37  1.711174E+01  1.017323E-12
 2.9030000E+02  9.910000E+37  1.710896E+01  1.052636E-12
 2.9035000E+02  9.910000E+37  1.710646E+01  1.054113E-12
 2.9040000E+02  9.910000E+37  1.710117E+01  1.064132E-12
 2.9045000E+02  9.910000E+37  1.709977E+01  1.092040E-12
 2.9050000E+02  9.910000E+37  1.709513E+01  1.116761E-12
 2.9055000E+02  9.910000E+37  1.709284E+01  1.128807E-12
 2.9060000E+02  9.910000E+37  1.708789E+01  1.177224E-12
 2.9065000E+02  9.910000E+37  1.708251E+01  1.183416E-12
 2.9070000E+02  9.910000E+37  1.708235E+01  1.229566E-12
 2.9075000E+02  9.910000E+37  1.707765E+01  1.272376E-12
 2.9080000E+02  9.910000E+37  1.707325E+01  1.315425E-12
 2.9085000E+02  9.910000E+37  1.707017E+01  1.387592E-12
 2.9090000E+02  9.910000E+37  1.706773E+01  1.476285E-12
 2.9095000E+02  9.910000E+37  1.706330E+01  1.594876E-12
 2.9100000E+02  9.910000E+37  1.706328E+01  1.745007E-12
 2.9105000E+02  9.910000E+37  1.705804E+01  1.966408E-12
 2.9110000E+02  9.910000E+37  1.705488E+01  2.259415E-12
 2.9115000E+02  9.910000E+37  1.705315E+01  2.601076E-12
 2.9120000E+02  9.910000E+37  1.704908E+01  2.976550E-12
 2.9125000E+02  9.910000E+37  1.704652E+01  3.308340E-12
 2.9130000E+02  9.910000E+37  1.704277E+01  3.601189E-12
 2.9135000E+02  9.910000E+37  1.703693E+01  3.809427E-12
 2.9140000E+02  9.910000E+37  1.703345E+01  3.899495E-12
 2.9145000E+02  9.910000E+37  1.702949E+01  3.946258E-12
 2.9150000E+02  9.910000E+37  1.702829E+01  3.913620E-12
 2.9155000E+02  9.910000E+37  1.702685E+01  3.799037E-12
 2.9160000E+02  9.910000E+37  1.702294E+01  3.588637E-12
 2.9165000E+02  9.910000E+37  1.701602E+01  3.363505E-12
 2.9170000E+02  9.910000E+37  1.701574E+01  3.191466E-12
 2.9175000E+02  9.910000E+37  1.701176E+01  3.049521E-12
 2.9180000E+02  9.910000E+37  1.700826E+01  2.980380E-12
 2.9185000E+02  9.910000E+37  1.700583E+01  2.976585E-12
 2.9190000E+02  9.910000E+37  1.700090E+01  2.998932E-12
 2.9195000E+02  9.910000E+37  1.699861E+01  3.047828E-12
 2.9200000E+02  9.910000E+37  1.699686E+01  3.079888E-12
 2.9205000E+02  9.910000E+37  1.699112E+01  3.098501E-12
 2.9210000E+02  9.910000E+37  1.698623E+01  3.136957E-12
 2.9215000E+02  9.910000E+37  1.698487E+01  3.163896E-12
 2.9220000E+02  9.910000E+37  1.698031E+01  3.168224E-12
 2.9225000E+02  9.910000E+37  1.697573E+01  3.208779E-12
 2.9230000E+02  9.910000E+37  1.697297E+01  3.223753E-12
 2.9235000E+02  9.910000E+37  1.696933E+01  3.233076E-12
 2.9240000E+02  9.910000E+37  1.696625E+01  3.241094E-12
 2.9245000E+02  9.910000E+37  1.696364E+01  3.231921E-12
 2.9250000E+02  9.910000E+37  1.696000E+01  3.242147E-12
 2.9255000E+02  9.910000E+37  1.695897E+01  3.222439E-12
 2.9260000E+02  9.910000E+37  1.695456E+01  3.226909E-12
 2.9265000E+02  9.910000E+37  1.694946E+01  3.201984E-12
 2.9270000E+02  9.910000E+37  1.694645E+01  3.182878E-12
 2.9275000E+02  9.910000E+37  1.694316E+01  3.171716E-12
 2.9280000E+02  9.910000E+37  1.694115E+01  3.120641E-12
 2.9285000E+02  9.910000E+37  1.693727E+01  3.109916E-12
 2.9290000E+02  9.910000E+37  1.693492E+01  3.065438E-12
 2.9295000E+02  9.910000E+37  1.693058E+01  3.028049E-12
 2.9300000E+02  9.910000E+37  1.692725E+01  2.988886E-12
 2.9305000E+02  9.910000E+37  1.692407E+01  2.958707E-12
 2.9310000E+02  9.910000E+37  1.692038E+01  2.912289E-12
 2.9315000E+02  9.910000E+37  1.691876E+01  2.885188E-12
 2.9320000E+02  9.910000E+37  1.691459E+01  2.856663E-12
 2.9325000E+02  9.910000E+37  1.691216E+01  2.822412E-12
 2.9330000E+02  9.910000E+37  1.690798E+01  2.800733E-12
 2.9335000E+02  9.910000E+37  1.690215E+01  2.769019E-12
 2.9340000E+02  9.910000E+37  1.689982E+01  2.751994E-12
 2.9345000E+02  9.910000E+37  1.689637E+01  2.723820E-12
 2.9350000E+02  9.910000E+37  1.689532E+01  2.682045E-12
 2.9355000E+02  9.910000E+37  1.688998E+01  2.665945E-12
 2.9360000E+02  9.910000E+37  1.688563E+01  2.650661E-12
 2.9365000E+02  9.910000E+37  1.688210E+01  2.596098E-12
 2.9370000E+02  9.910000E+37  1.687962E+01  2.586600E-12
 2.9375000E+02  9.910000E+37  1.687637E+01  2.567880E-12
 2.9380000E+02  9.910000E+37  1.687184E+01  2.549980E-12
 2.9385000E+02  9.910000E+37  1.686867E+01  2.539333E-12
 2.9390000E+02  9.910000E+37  1.686677E+01  2.529202E-12
 2.9395000E+02  9.910000E+37  1.686215E+01  2.529061E-12
 2.9400000E+02  9.910000E+37  1.685789E+01  2.509157E-12
 2.9405000E+02  9.910000E+37  1.685721E+01  2.502317E-12
 2.9410000E+02  9.910000E+37  1.685337E+01  2.512547E-12
 2.9415000E+02  9.910000E+37  1.684940E+01  2.495229E-12
 2.9420000E+02  9.910000E+37  1.684912E+01  2.497450E-12
 2.9425000E+02  9.910000E+37  1.684535E+01  2.486151E-12
 2.9430000E+02  9.910000E+37  1.684187E+01  2.499601E-12
 2.9435000E+02  9.910000E+37  1.683942E+01  2.502272E-12
 2.9440000E+02  9.910000E+37  1.683406E+01  2.506202E-12
 2.9445000E+02  9.910000E+37  1.682842E+01  2.529168E-12
 2.9450000E+02  9.910000E+37  1.682635E+01  2.499810E-12
 2.9455000E+02  9.910000E+37  1.682384E+01  2.478039E-12
 2.9460000E+02  9.910000E+37  1.682000E+01  2.509006E-12
 2.9465000E+02  9.910000E+37  1.681937E+01  2.508496E-12
 2.9470000E+02  9.910000E+37  1.681424E+01  2.512248E-12
 2.9475000E+02  9.910000E+37  1.681279E+01  2.536512E-12
 2.9480000E+02  9.910000E+37  1.680944E+01  2.507054E-12
 2.9485000E+02  9.910000E+37  1.680465E+01  2.521782E-12
 2.9490000E+02  9.910000E+37  1.680280E+01  2.527630E-12
 2.9495000E+02  9.910000E+37  1.679997E+01  2.521324E-12
 2.9500000E+02  9.910000E+37  1.679477E+01  2.497188E-12
 2.9505000E+02  9.910000E+37  1.679307E+01  2.493871E-12
 2.9510000E+02  9.910000E+37  1.678967E+01  2.513013E-12
 2.9515000E+02  9.910000E+37  1.678417E+01  2.503303E-12
 2.9520000E+02  9.910000E+37  1.678344E+01  2.502643E-12
 2.9525000E+02  9.910000E+37  1.677953E+01  2.503186E-12
 2.9530000E+02  9.910000E+37  1.677650E+01  2.504773E-12
 2.9535000E+02  9.910000E+37  1.677506E+01  2.511661E-12
 2.9540000E+02  9.910000E+37  1.676736E+01  2.505679E-12
 2.9545000E+02  9.910000E+37  1.676434E+01  2.518236E-12
 2.9550000E+02  9.910000E+37  1.676281E+01  2.517513E-12
 2.9555000E+02  9.910000E+37  1.675852E+01  2.519061E-12
 2.9560000E+02  9.910000E+37  1.675437E+01  2.527708E-12
 2.9565000E+02  9.910000E+37  1.675253E+01  2.537004E-12
 2.9570000E+02  9.910000E+37  1.675124E+01  2.557781E-12
 2.9575000E+02  9.910000E+37  1.674626E+01  2.542244E-12
 2.9580000E+02  9.910000E+37  1.674231E+01  2.549004E-12
 2.9585000E+02  9.910000E+37  1.674120E+01  2.546499E-12
 2.9590000E+02  9.910000E+37  1.673772E+01  2.574960E-12
 2.9595000E+02  9.910000E+37  1.673555E+01  2.557225E-12
 2.9600000E+02  9.910000E+37  1.673167E+01  2.567988E-12
 2.9605000E+02  9.910000E+37  1.672681E+01  2.574363E-12
 2.9610000E+02  9.910000E+37  1.672449E+01  2.594128E-12
 2.9615000E+02  9.910000E+37  1.671768E+01  2.598679E-12
 2.9620000E+02  9.910000E+37  1.671578E+01  2.632031E-12
 2.9625000E+02  9.910000E+37  1.671342E+01  2.599925E-12
 2.9630000E+02  9.910000E+37  1.671036E+01  2.607002E-12
 2.9635000E+02  9.910000E+37  1.670477E+01  2.607939E-12
 2.9640000E+02  9.910000E+37  1.670283E+01  2.606033E-12
 2.9645000E+02  9.910000E+37  1.670066E+01  2.599088E-12
 2.9650000E+02  9.910000E+37  1.669724E+01  2.622146E-12
 2.9655000E+02  9.910000E+37  1.669283E+01  2.602104E-12
 2.9660000E+02  9.910000E+37  1.668997E+01  2.618915E-12
 2.9665000E+02  9.910000E+37  1.668883E+01  2.619398E-12
 2.9670000E+02  9.910000E+37  1.668405E+01  2.624195E-12
 2.9675000E+02  9.910000E+37  1.668181E+01  2.603769E-12
 2.9680000E+02  9.910000E+37  1.667709E+01  2.617426E-12
 2.9685000E+02  9.910000E+37  1.667422E+01  2.618731E-12
 2.9690000E+02  9.910000E+37  1.667325E+01  2.606219E-12
 2.9695000E+02  9.910000E+37  1.666776E+01  2.630362E-12
 2.9700000E+02  9.910000E+37  1.666483E+01  2.609535E-12
 2.9705000E+02  9.910000E+37  1.666186E+01  2.622738E-12
 2.9710000E+02  9.910000E+37  1.665743E+01  2.628572E-12
 2.9715000E+02  9.910000E+37  1.665358E+01  2.624088E-12
 2.9720000E+02  9.910000E+37  1.665202E+01  2.616049E-12
 2.9725000E+02  9.910000E+37  1.664644E+01  2.615830E-12
 2.9730000E+02  9.910000E+37  1.664369E+01  2.631168E-12
 2.9735000E+02  9.910000E+37  1.664129E+01  2.619287E-12
 2.9740000E+02  9.910000E+37  1.663973E+01  2.599747E-12
 2.9745000E+02  9.910000E+37  1.663514E+01  2.606242E-12
 2.9750000E+02  9.910000E+37  1.663280E+01  2.617826E-12
 2.9755000E+02  9.910000E+37  1.662928E+01  2.605903E-12
 2.9760000E+02  9.910000E+37  1.662538E+01  2.593839E-12
 2.9765000E+02  9.910000E+37  1.662161E+01  2.604534E-12
 2.9770000E+02  9.910000E+37  1.661934E+01  2.594550E-12
 2.9775000E+02  9.910000E+37  1.661809E+01  2.589605E-12
 2.9780000E+02  9.910000E+37  1.661388E+01  2.594983E-12
 2.9785000E+02  9.910000E+37  1.661116E+01  2.583126E-12
 2.9790000E+02  9.910000E+37  1.660755E+01  2.574309E-12
 2.9795000E+02  9.910000E+37  1.660427E+01  2.593093E-12
 2.9800000E+02  9.910000E+37  1.660288E+01  2.599560E-12
 2.9805000E+02  9.910000E+37  1.659621E+01  2.571627E-12
 2.9810000E+02  9.910000E+37  1.659433E+01  2.523809E-12
 2.9815000E+02  9.910000E+37  1.659062E+01  2.577023E-12
 2.9820000E+02  9.910000E+37  1.658679E+01  2.555446E-12
 2.9825000E+02  9.910000E+37  1.658489E+01  2.539824E-12
 2.9830000E+02  9.910000E+37  1.658128E+01  2.544501E-12
 2.9835000E+02  9.910000E+37  1.657790E+01  2.544508E-12
 2.9840000E+02  9.910000E+37  1.657272E+01  2.559438E-12
 2.9845000E+02  9.910000E+37  1.656942E+01  2.546133E-12
 2.9850000E+02  9.910000E+37  1.656578E+01  2.541316E-12
 2.9855000E+02  9.910000E+37  1.656325E+01  2.540428E-12
 2.9860000E+02  9.910000E+37  1.655965E+01  2.517583E-12
 2.9865000E+02  9.910000E+37  1.655571E+01  2.531043E-12
 2.9870000E+02  9.910000E+37  1.655336E+01  2.495393E-12
 2.9875000E+02  9.910000E+37  1.655013E+01  2.527940E-12
 2.9880000E+02  9.910000E+37  1.654718E+01  2.519600E-12
 2.9885000E+02  9.910000E+37  1.654466E+01  2.503123E-12
 2.9890000E+02  9.910000E+37  1.654231E+01  2.523185E-12
 2.9895000E+02  9.910000E+37  1.653791E+01  2.506884E-12
 2.9900000E+02  9.910000E+37  1.653537E+01  2.494705E-12
 2.9905000E+02  9.910000E+37  1.653017E+01  2.506376E-12
 2.9910000E+02  9.910000E+37  1.652670E+01  2.502400E-12
 2.9915000E+02  9.910000E+37  1.652392E+01  2.502208E-12
 2.9920000E+02  9.910000E+37  1.652172E+01  2.486955E-12
 2.9925000E+02  9.910000E+37  1.652024E+01  2.486161E-12
 2.9930000E+02  9.910000E+37  1.651675E+01  2.527586E-12
 2.9935000E+02  9.910000E+37  1.651314E+01  2.479257E-12
 2.9940000E+02  9.910000E+37  1.650936E+01  2.489504E-12
 2.9945000E+02  9.910000E+37  1.650667E+01  2.508784E-12
 2.9950000E+02  9.910000E+37  1.650574E+01  2.491907E-12
 2.9955000E+02  9.910000E+37  1.649959E+01  2.503077E-12
 2.9960000E+02  9.910000E+37  1.649859E+01  2.488319E-12
 2.9965000E+02  9.910000E+37  1.649374E+01  2.491095E-12
 2.9970000E+02  9.910000E+37  1.649029E+01  2.499080E-12
 2.9975000E+02  9.910000E+37  1.648849E+01  2.500678E-12
 2.9980000E+02  9.910000E+37  1.648469E+01  2.497181E-12
 2.9985000E+02  9.910000E+37  1.647930E+01  2.502990E-12
 2.9990000E+02  9.910000E+37  1.647930E+01  2.512618E-12
 2.9995000E+02  9.910000E+37  1.647489E+01  2.545418E-12
 3.0000000E+02  9.910000E+37  1.647183E+01  2.532144E-12
 3.0005000E+02  9.910000E+37  1.646875E+01  2.517929E-12
 3.0010000E+02  9.910000E+37  1.646624E+01  2.521068E-12
 3.0015000E+02  9.910000E+37  1.646063E+01  2.515262E-12
 3.0020000E+02  9.910000E+37  1.645789E+01  2.523708E-12
 3.0025000E+02  9.910000E+37  1.645434E+01  2.523322E-12
 3.0030000E+02  9.910000E+37  1.645040E+01  2.541486E-12
 3.0035000E+02  9.910000E+37  1.644902E+01  2.520226E-12
 3.0040000E+02  9.910000E+37  1.644576E+01  2.542136E-12
 3.0045000E+02  9.910000E+37  1.644211E+01  2.538293E-12
 3.0050000E+02  9.910000E+37  1.643962E+01  2.536097E-12
 3.0055000E+02  9.910000E+37  1.643694E+01  2.533998E-12
 3.0060000E+02  9.910000E+37  1.643499E+01  2.560187E-12
 3.0065000E+02  9.910000E+37  1.643226E+01  2.549563E-12
 3.0070000E+02  9.910000E+37  1.642834E+01  2.546922E-12
 3.0075000E+02  9.910000E+37  1.642671E+01  2.578132E-12
 3.0080000E+02  9.910000E+37  1.642454E+01  2.549162E-12
 3.0085000E+02  9.910000E+37  1.641948E+01  2.568800E-12
 3.0090000E+02  9.910000E+37  1.641807E+01  2.563633E-12
 3.0095000E+02  9.910000E+37  1.641418E+01  2.563879E-12
 3.0100000E+02  9.910000E+37  1.641195E+01  2.574996E-12
 3.0105000E+02  9.910000E+37  1.640535E+01  2.580734E-12
 3.0110000E+02  9.910000E+37  1.640183E+01  2.558765E-12
 3.0115000E+02  9.910000E+37  1.639920E+01  2.575886E-12
 3.0120000E+02  9.910000E+37  1.639726E+01  2.574286E-12
 3.0125000E+02  9.910000E+37  1.639427E+01  2.561061E-12
 3.0130000E+02  9.910000E+37  1.639173E+01  2.593482E-12
 3.0135000E+02  9.910000E+37  1.638786E+01  2.583778E-12
 3.0140000E+02  9.910000E+37  1.638322E+01  2.599489E-12
 3.0145000E+02  9.910000E+37  1.638297E+01  2.587888E-12
 3.0150000E+02  9.910000E+37  1.637844E+01  2.572835E-12
 3.0155000E+02  9.910000E+37  1.637450E+01  2.581063E-12
 3.0160000E+02  9.910000E+37  1.637420E+01  2.575844E-12
 3.0165000E+02  9.910000E+37  1.636985E+01  2.590501E-12
 3.0170000E+02  9.910000E+37  1.636575E+01  2.567093E-12
 3.0175000E+02  9.910000E+37  1.636216E+01  2.591418E-12
 3.0180000E+02  9.910000E+37  1.636032E+01  2.604192E-12
 3.0185000E+02  9.910000E+37  1.635634E+01  2.594332E-12
 3.0190000E+02  9.910000E+37  1.635314E+01  2.587349E-12
 3.0195000E+02  9.910000E+37  1.635187E+01  2.618926E-12
 3.0200000E+02  9.910000E+37  1.634670E+01  2.609972E-12
 3.0205000E+02  9.910000E+37  1.634508E+01  2.609335E-12
 3.0210000E+02  9.910000E+37  1.633887E+01  2.630227E-12
 3.0215000E+02  9.910000E+37  1.633717E+01  2.643033E-12
 3.0220000E+02  9.910000E+37  1.633379E+01  2.638226E-12
 3.0225000E+02  9.910000E+37  1.633123E+01  2.641067E-12
 3.0230000E+02  9.910000E+37  1.632571E+01  2.650509E-12
 3.0235000E+02  9.910000E+37  1.632530E+01  2.645073E-12
 3.0240000E+02  9.910000E+37  1.632121E+01  2.658620E-12
 3.0245000E+02  9.910000E+37  1.631737E+01  2.679839E-12
 3.0250000E+02  9.910000E+37  1.631332E+01  2.663113E-12
 3.0255000E+02  9.910000E+37  1.631036E+01  2.684270E-12
 3.0260000E+02  9.910000E+37  1.630886E+01  2.675629E-12
 3.0265000E+02  9.910000E+37  1.630559E+01  2.696304E-12
 3.0270000E+02  9.910000E+37  1.630313E+01  2.701792E-12
 3.0275000E+02  9.910000E+37  1.630292E+01  2.712708E-12
 3.0280000E+02  9.910000E+37  1.629864E+01  2.710331E-12
 3.0285000E+02  9.910000E+37  1.629506E+01  2.749855E-12
 3.0290000E+02  9.910000E+37  1.629187E+01  2.750312E-12
 3.0295000E+02  9.910000E+37  1.629059E+01  2.735426E-12
 3.0300000E+02  9.910000E+37  1.628552E+01  2.736249E-12
 3.0305000E+02  9.910000E+37  1.628022E+01  2.782569E-12
 3.0310000E+02  9.910000E+37  1.627880E+01  2.739477E-12
 3.0315000E+02  9.910000E+37  1.627467E+01  2.771165E-12
 3.0320000E+02  9.910000E+37  1.627292E+01  2.766134E-12
 3.0325000E+02  9.910000E+37  1.626892E+01  2.741458E-12
 3.0330000E+02  9.910000E+37  1.626532E+01  2.727955E-12
 3.0335000E+02  9.910000E+37  1.626363E+01  2.778189E-12
 3.0340000E+02  9.910000E+37  1.626228E+01  2.743372E-12
 3.0345000E+02  9.910000E+37  1.625762E+01  2.766367E-12
 3.0350000E+02  9.910000E+37  1.625301E+01  2.755741E-12
 3.0355000E+02  9.910000E+37  1.625066E+01  2.743895E-12
 3.0360000E+02  9.910000E+37  1.624757E+01  2.751289E-12
 3.0365000E+02  9.910000E+37  1.624375E+01  2.734761E-12
 3.0370000E+02  9.910000E+37  1.624153E+01  2.758195E-12
 3.0375000E+02  9.910000E+37  1.623754E+01  2.738398E-12
 3.0380000E+02  9.910000E+37  1.623349E+01  2.732865E-12
 3.0385000E+02  9.910000E+37  1.623270E+01  2.747212E-12
 3.0390000E+02  9.910000E+37  1.622874E+01  2.738378E-12
 3.0395000E+02  9.910000E+37  1.622481E+01  2.729911E-12
 3.0400000E+02  9.910000E+37  1.622374E+01  2.723406E-12
 3.0405000E+02  9.910000E+37  1.622015E+01  2.706450E-12
 3.0410000E+02  9.910000E+37  1.621776E+01  2.698663E-12
 3.0415000E+02  9.910000E+37  1.621397E+01  2.694724E-12
 3.0420000E+02  9.910000E+37  1.621228E+01  2.680711E-12
 3.0425000E+02  9.910000E+37  1.620768E+01  2.696030E-12
 3.0430000E+02  9.910000E+37  1.620265E+01  2.670999E-12
 3.0435000E+02  9.910000E+37  1.620180E+01  2.683749E-12
 3.0440000E+02  9.910000E+37  1.619774E+01  2.658391E-12
 3.0445000E+02  9.910000E+37  1.619515E+01  2.683015E-12
 3.0450000E+02  9.910000E+37  1.619187E+01  2.661942E-12
 3.0455000E+02  9.910000E+37  1.618996E+01  2.658944E-12
 3.0460000E+02  9.910000E+37  1.618773E+01  2.645909E-12
 3.0465000E+02  9.910000E+37  1.618338E+01  2.643595E-12
 3.0470000E+02  9.910000E+37  1.618115E+01  2.625449E-12
 3.0475000E+02  9.910000E+37  1.618004E+01  2.637398E-12
 3.0480000E+02  9.910000E+37  1.617621E+01  2.626466E-12
 3.0485000E+02  9.910000E+37  1.617410E+01  2.611960E-12
 3.0490000E+02  9.910000E+37  1.617036E+01  2.612655E-12
 3.0495000E+02  9.910000E+37  1.616567E+01  2.613911E-12
 3.0500000E+02  9.910000E+37  1.616099E+01  2.619840E-12
 3.0505000E+02  9.910000E+37  1.615817E+01  2.604199E-12
 3.0510000E+02  9.910000E+37  1.615608E+01  2.600526E-12
 3.0515000E+02  9.910000E+37  1.615394E+01  2.597995E-12
 3.0520000E+02  9.910000E+37  1.615095E+01  2.614506E-12
 3.0525000E+02  9.910000E+37  1.614710E+01  2.604557E-12
 3.0530000E+02  9.910000E+37  1.614552E+01  2.612589E-12
 3.0535000E+02  9.910000E+37  1.614151E+01  2.619932E-12
 3.0540000E+02  9.910000E+37  1.614017E+01  2.616697E-12
 3.0545000E+02  9.910000E+37  1.613462E+01  2.619377E-12
 3.0550000E+02  9.910000E+37  1.613305E+01  2.604470E-12
 3.0555000E+02  9.910000E+37  1.612945E+01  2.613778E-12
 3.0560000E+02  9.910000E+37  1.612538E+01  2.608999E-12
 3.0565000E+02  9.910000E+37  1.612067E+01  2.628346E-12
 3.0570000E+02  9.910000E+37  1.611858E+01  2.602586E-12
 3.0575000E+02  9.910000E+37  1.611520E+01  2.595993E-12
 3.0580000E+02  9.910000E+37  1.611199E+01  2.634785E-12
 3.0585000E+02  9.910000E+37  1.611030E+01  2.616261E-12
 3.0590000E+02  9.910000E+37  1.610678E+01  2.614333E-12
 3.0595000E+02  9.910000E+37  1.610538E+01  2.634279E-12
 3.0600000E+02  9.910000E+37  1.610213E+01  2.632607E-12
 3.0605000E+02  9.910000E+37  1.610039E+01  2.639580E-12
 3.0610000E+02  9.910000E+37  1.609783E+01  2.624566E-12
 3.0615000E+02  9.910000E+37  1.609362E+01  2.647776E-12
 3.0620000E+02  9.910000E+37  1.609230E+01  2.667802E-12
 3.0625000E+02  9.910000E+37  1.608889E+01  2.650804E-12
 3.0630000E+02  9.910000E+37  1.608421E+01  2.660448E-12
 3.0635000E+02  9.910000E+37  1.608194E+01  2.665248E-12
 3.0640000E+02  9.910000E+37  1.607730E+01  2.669167E-12
 3.0645000E+02  9.910000E+37  1.607141E+01  2.689726E-12
 3.0650000E+02  9.910000E+37  1.607106E+01  2.679640E-12
 3.0655000E+02  9.910000E+37  1.606791E+01  2.674515E-12
 3.0660000E+02  9.910000E+37  1.606717E+01  2.694233E-12
 3.0665000E+02  9.910000E+37  1.606397E+01  2.692602E-12
 3.0670000E+02  9.910000E+37  1.606191E+01  2.695867E-12
 3.0675000E+02  9.910000E+37  1.605840E+01  2.707079E-12
 3.0680000E+02  9.910000E+37  1.605648E+01  2.702291E-12
 3.0685000E+02  9.910000E+37  1.605319E+01  2.690760E-12
 3.0690000E+02  9.910000E+37  1.604927E+01  2.702311E-12
 3.0695000E+02  9.910000E+37  1.604678E+01  2.705499E-12
 3.0700000E+02  9.910000E+37  1.604301E+01  2.699275E-12
 3.0705000E+02  9.910000E+37  1.604168E+01  2.723732E-12
 3.0710000E+02  9.910000E+37  1.603657E+01  2.704473E-12
 3.0715000E+02  9.910000E+37  1.603457E+01  2.708559E-12
 3.0720000E+02  9.910000E+37  1.603236E+01  2.697148E-12
 3.0725000E+02  9.910000E+37  1.602927E+01  2.682684E-12
 3.0730000E+02  9.910000E+37  1.602690E+01  2.704233E-12
 3.0735000E+02  9.910000E+37  1.602306E+01  2.692010E-12
 3.0740000E+02  9.910000E+37  1.602218E+01  2.699037E-12
 3.0745000E+02  9.910000E+37  1.601620E+01  2.690370E-12
 3.0750000E+02  9.910000E+37  1.601592E+01  2.688950E-12
 3.0755000E+02  9.910000E+37  1.601081E+01  2.675362E-12
 3.0760000E+02  9.910000E+37  1.600948E+01  2.681577E-12
 3.0765000E+02  9.910000E+37  1.600493E+01  2.681873E-12
 3.0770000E+02  9.910000E+37  1.600271E+01  2.675925E-12
 3.0775000E+02  9.910000E+37  1.600215E+01  2.678983E-12
 3.0780000E+02  9.910000E+37  1.599752E+01  2.658521E-12
 3.0785000E+02  9.910000E+37  1.599519E+01  2.662385E-12
 3.0790000E+02  9.910000E+37  1.599146E+01  2.631930E-12
 3.0795000E+02  9.910000E+37  1.599060E+01  2.648773E-12
 3.0800000E+02  9.910000E+37  1.598581E+01  2.626758E-12
 3.0805000E+02  9.910000E+37  1.598537E+01  2.627317E-12
 3.0810000E+02  9.910000E+37  1.598129E+01  2.620820E-12
 3.0815000E+02  9.910000E+37  1.597769E+01  2.609888E-12
 3.0820000E+02  9.910000E+37  1.597549E+01  2.596727E-12
 3.0825000E+02  9.910000E+37  1.597321E+01  2.594530E-12
 3.0830000E+02  9.910000E+37  1.596865E+01  2.576917E-12
 3.0835000E+02  9.910000E+37  1.596643E+01  2.568005E-12
 3.0840000E+02  9.910000E+37  1.596408E+01  2.590007E-12
 3.0845000E+02  9.910000E+37  1.596004E+01  2.555542E-12
 3.0850000E+02  9.910000E+37  1.595785E+01  2.539789E-12
 3.0855000E+02  9.910000E+37  1.595546E+01  2.547501E-12
 3.0860000E+02  9.910000E+37  1.595193E+01  2.543366E-12
 3.0865000E+02  9.910000E+37  1.594729E+01  2.537485E-12
 3.0870000E+02  9.910000E+37  1.594591E+01  2.499621E-12
 3.0875000E+02  9.910000E+37  1.594376E+01  2.498862E-12
 3.0880000E+02  9.910000E+37  1.594159E+01  2.490935E-12
 3.0885000E+02  9.910000E+37  1.593616E+01  2.472519E-12
 3.0890000E+02  9.910000E+37  1.593315E+01  2.458024E-12
 3.0895000E+02  9.910000E+37  1.592962E+01  2.468300E-12
 3.0900000E+02  9.910000E+37  1.592846E+01  2.447469E-12
 3.0905000E+02  9.910000E+37  1.592248E+01  2.429039E-12
 3.0910000E+02  9.910000E+37  1.592004E+01  2.438939E-12
 3.0915000E+02  9.910000E+37  1.591783E+01  2.423378E-12
 3.0920000E+02  9.910000E+37  1.591533E+01  2.422263E-12
 3.0925000E+02  9.910000E+37  1.591196E+01  2.414927E-12
 3.0930000E+02  9.910000E+37  1.590843E+01  2.381065E-12
 3.0935000E+02  9.910000E+37  1.590755E+01  2.361359E-12
 3.0940000E+02  9.910000E+37  1.590274E+01  2.352242E-12
 3.0945000E+02  9.910000E+37  1.590093E+01  2.352270E-12
 3.0950000E+02  9.910000E+37  1.589623E+01  2.328678E-12
 3.0955000E+02  9.910000E+37  1.589139E+01  2.333648E-12
 3.0960000E+02  9.910000E+37  1.589164E+01  2.305828E-12
 3.0965000E+02  9.910000E+37  1.588729E+01  2.270430E-12
 3.0970000E+02  9.910000E+37  1.588211E+01  2.296974E-12
 3.0975000E+02  9.910000E+37  1.587848E+01  2.276111E-12
 3.0980000E+02  9.910000E+37  1.587825E+01  2.253282E-12
 3.0985000E+02  9.910000E+37  1.587422E+01  2.266392E-12
 3.0990000E+02  9.910000E+37  1.587136E+01  2.248543E-12
 3.0995000E+02  9.910000E+37  1.586787E+01  2.233577E-12
 3.1000000E+02  9.910000E+37  1.586614E+01  2.194478E-12
 3.1005000E+02  9.910000E+37  1.586413E+01  2.213726E-12
 3.1010000E+02  9.910000E+37  1.586023E+01  2.190241E-12
 3.1015000E+02  9.910000E+37  1.585816E+01  2.179072E-12
 3.1020000E+02  9.910000E+37  1.585349E+01  2.166415E-12
 3.1025000E+02  9.910000E+37  1.585205E+01  2.146765E-12
 3.1030000E+02  9.910000E+37  1.584899E+01  2.133632E-12
 3.1035000E+02  9.910000E+37  1.584459E+01  2.133201E-12
 3.1040000E+02  9.910000E+37  1.583920E+01  2.109160E-12
 3.1045000E+02  9.910000E+37  1.583868E+01  2.124997E-12
 3.1050000E+02  9.910000E+37  1.583565E+01  2.104920E-12
 3.1055000E+02  9.910000E+37  1.583235E+01  2.073278E-12
 3.1060000E+02  9.910000E+37  1.583092E+01  2.065354E-12
 3.1065000E+02  9.910000E+37  1.582669E+01  2.054737E-12
 3.1070000E+02  9.910000E+37  1.582455E+01  2.040581E-12
 3.1075000E+02  9.910000E+37  1.582366E+01  2.015800E-12
 3.1080000E+02  9.910000E+37  1.581925E+01  2.025555E-12
 3.1085000E+02  9.910000E+37  1.581751E+01  1.987382E-12
 3.1090000E+02  9.910000E+37  1.581402E+01  1.998373E-12
 3.1095000E+02  9.910000E+37  1.581255E+01  1.974639E-12
 3.1100000E+02  9.910000E+37  1.580772E+01  1.962404E-12
 3.1105000E+02  9.910000E+37  1.580490E+01  1.966620E-12
 3.1110000E+02  9.910000E+37  1.580257E+01  1.942787E-12
 3.1115000E+02  9.910000E+37  1.579934E+01  1.935973E-12
 3.1120000E+02  9.910000E+37  1.579839E+01  1.913924E-12
 3.1125000E+02  9.910000E+37  1.579278E+01  1.908353E-12
 3.1130000E+02  9.910000E+37  1.578812E+01  1.902772E-12
 3.1135000E+02  9.910000E+37  1.578648E+01  1.890675E-12
 3.1140000E+02  9.910000E+37  1.578612E+01  1.865447E-12
 3.1145000E+02  9.910000E+37  1.578077E+01  1.849789E-12
 3.1150000E+02  9.910000E+37  1.577586E+01  1.844396E-12
 3.1155000E+02  9.910000E+37  1.577604E+01  1.820649E-12
 3.1160000E+02  9.910000E+37  1.577545E+01  1.821023E-12
 3.1165000E+02  9.910000E+37  1.577147E+01  1.805815E-12
 3.1170000E+02  9.910000E+37  1.576874E+01  1.772964E-12
 3.1175000E+02  9.910000E+37  1.576496E+01  1.781455E-12
 3.1180000E+02  9.910000E+37  1.576128E+01  1.765048E-12
 3.1185000E+02  9.910000E+37  1.575847E+01  1.781079E-12
 3.1190000E+02  9.910000E+37  1.575749E+01  1.739070E-12
 3.1195000E+02  9.910000E+37  1.575412E+01  1.739815E-12
 3.1200000E+02  9.910000E+37  1.575115E+01  1.725658E-12
 3.1205000E+02  9.910000E+37  1.574811E+01  1.731393E-12
 3.1210000E+02  9.910000E+37  1.574420E+01  1.710569E-12
 3.1215000E+02  9.910000E+37  1.574275E+01  1.677506E-12
 3.1220000E+02  9.910000E+37  1.573704E+01  1.693603E-12
 3.1225000E+02  9.910000E+37  1.573383E+01  1.670768E-12
 3.1230000E+02  9.910000E+37  1.573110E+01  1.685636E-12
 3.1235000E+02  9.910000E+37  1.572775E+01  1.655905E-12
 3.1240000E+02  9.910000E+37  1.572719E+01  1.650971E-12
 3.1245000E+02  9.910000E+37  1.572440E+01  1.647760E-12
 3.1250000E+02  9.910000E+37  1.571987E+01  1.642443E-12
 3.1255000E+02  9.910000E+37  1.571645E+01  1.626811E-12
 3.1260000E+02  9.910000E+37  1.571383E+01  1.636504E-12
 3.1265000E+02  9.910000E+37  1.571150E+01  1.629574E-12
 3.1270000E+02  9.910000E+37  1.570811E+01  1.621098E-12
 3.1275000E+02  9.910000E+37  1.570460E+01  1.612807E-12
 3.1280000E+02  9.910000E+37  1.570216E+01  1.604014E-12
 3.1285000E+02  9.910000E+37  1.569962E+01  1.587047E-12
 3.1290000E+02  9.910000E+37  1.569896E+01  1.588856E-12
 3.1295000E+02  9.910000E+37  1.569509E+01  1.614389E-12
 3.1300000E+02  9.910000E+37  1.569234E+01  1.582949E-12
 3.1305000E+02  9.910000E+37  1.569070E+01  1.590729E-12
 3.1310000E+02  9.910000E+37  1.568598E+01  1.580919E-12
 3.1315000E+02  9.910000E+37  1.568448E+01  1.573063E-12
 3.1320000E+02  9.910000E+37  1.567999E+01  1.580199E-12
 3.1325000E+02  9.910000E+37  1.567618E+01  1.576079E-12
 3.1330000E+02  9.910000E+37  1.567445E+01  1.571093E-12
 3.1335000E+02  9.910000E+37  1.567256E+01  1.574106E-12
 3.1340000E+02  9.910000E+37  1.567088E+01  1.571059E-12
 3.1345000E+02  9.910000E+37  1.566796E+01  1.564410E-12
 3.1350000E+02  9.910000E+37  1.566491E+01  1.563065E-12
 3.1355000E+02  9.910000E+37  1.566074E+01  1.551217E-12
 3.1360000E+02  9.910000E+37  1.565863E+01  1.531723E-12
 3.1365000E+02  9.910000E+37  1.565464E+01  1.556634E-12
 3.1370000E+02  9.910000E+37  1.565163E+01  1.549845E-12
 3.1375000E+02  9.910000E+37  1.565126E+01  1.566052E-12
 3.1380000E+02  9.910000E+37  1.564655E+01  1.544586E-12
 3.1385000E+02  9.910000E+37  1.564279E+01  1.555646E-12
 3.1390000E+02  9.910000E+37  1.563807E+01  1.555253E-12
 3.1395000E+02  9.910000E+37  1.563702E+01  1.563009E-12
 3.1400000E+02  9.910000E+37  1.563396E+01  1.552793E-12
 3.1405000E+02  9.910000E+37  1.563113E+01  1.545053E-12
 3.1410000E+02  9.910000E+37  1.562776E+01  1.527986E-12
 3.1415000E+02  9.910000E+37  1.562544E+01  1.550476E-12
 3.1420000E+02  9.910000E+37  1.562263E+01  1.541007E-12
 3.1425000E+02  9.910000E+37  1.562159E+01  1.532560E-12
 3.1430000E+02  9.910000E+37  1.561869E+01  1.535003E-12
 3.1435000E+02  9.910000E+37  1.561707E+01  1.533053E-12
 3.1440000E+02  9.910000E+37  1.561302E+01  1.531713E-12
 3.1445000E+02  9.910000E+37  1.561026E+01  1.542690E-12
 3.1450000E+02  9.910000E+37  1.560801E+01  1.541638E-12
 3.1455000E+02  9.910000E+37  1.560497E+01  1.548054E-12
 3.1460000E+02  9.910000E+37  1.560007E+01  1.535575E-12
 3.1465000E+02  9.910000E+37  1.559881E+01  1.528430E-12
 3.1470000E+02  9.910000E+37  1.559456E+01  1.513592E-12
 3.1475000E+02  9.910000E+37  1.559061E+01  1.535115E-12
 3.1480000E+02  9.910000E+37  1.558763E+01  1.520400E-12
 3.1485000E+02  9.910000E+37  1.558503E+01  1.524132E-12
 3.1490000E+02  9.910000E+37  1.558228E+01  1.524437E-12
 3.1495000E+02  9.910000E+37  1.558002E+01  1.529503E-12
 3.1500000E+02  9.910000E+37  1.557898E+01  1.525470E-12
 3.1505000E+02  9.910000E+37  1.557454E+01  1.527911E-12
 3.1510000E+02  9.910000E+37  1.557295E+01  1.528875E-12
 3.1515000E+02  9.910000E+37  1.556875E+01  1.541088E-12
 3.1520000E+02  9.910000E+37  1.556547E+01  1.525068E-12
 3.1525000E+02  9.910000E+37  1.556450E+01  1.508566E-12
 3.1530000E+02  9.910000E+37  1.556063E+01  1.530301E-12
 3.1535000E+02  9.910000E+37  1.555781E+01  1.519836E-12
 3.1540000E+02  9.910000E+37  1.555714E+01  1.520967E-12
 3.1545000E+02  9.910000E+37  1.555231E+01  1.522638E-12
 3.1550000E+02  9.910000E+37  1.555120E+01  1.535021E-12
 3.1555000E+02  9.910000E+37  1.554843E+01  1.526045E-12
 3.1560000E+02  9.910000E+37  1.554310E+01  1.523989E-12
 3.1565000E+02  9.910000E+37  1.554233E+01  1.508715E-12
 3.1570000E+02  9.910000E+37  1.553906E+01  1.534078E-12
 3.1575000E+02  9.910000E+37  1.553770E+01  1.530469E-12
 3.1580000E+02  9.910000E+37  1.553448E+01  1.524887E-12
 3.1585000E+02  9.910000E+37  1.553168E+01  1.543221E-12
 3.1590000E+02  9.910000E+37  1.552654E+01  1.517652E-12
 3.1595000E+02  9.910000E+37  1.552366E+01  1.514406E-12
 3.1600000E+02  9.910000E+37  1.552280E+01  1.526512E-12
 3.1605000E+02  9.910000E+37  1.551905E+01  1.522371E-12
 3.1610000E+02  9.910000E+37  1.551706E+01  1.504004E-12
 3.1615000E+02  9.910000E+37  1.551306E+01  1.532672E-12
 3.1620000E+02  9.910000E+37  1.551118E+01  1.491533E-12
 3.1625000E+02  9.910000E+37  1.550750E+01  1.517258E-12
 3.1630000E+02  9.910000E+37  1.550506E+01  1.506148E-12
 3.1635000E+02  9.910000E+37  1.550355E+01  1.523209E-12
 3.1640000E+02  9.910000E+37  1.550034E+01  1.520811E-12
 3.1645000E+02  9.910000E+37  1.549870E+01  1.496454E-12
 3.1650000E+02  9.910000E+37  1.549437E+01  1.503210E-12
 3.1655000E+02  9.910000E+37  1.549167E+01  1.515630E-12
 3.1660000E+02  9.910000E+37  1.548718E+01  1.496553E-12
 3.1665000E+02  9.910000E+37  1.548632E+01  1.523978E-12
 3.1670000E+02  9.910000E+37  1.548386E+01  1.508136E-12
 3.1675000E+02  9.910000E+37  1.547973E+01  1.502990E-12
 3.1680000E+02  9.910000E+37  1.547800E+01  1.516928E-12
 3.1685000E+02  9.910000E+37  1.547498E+01  1.508144E-12
 3.1690000E+02  9.910000E+37  1.547433E+01  1.494912E-12
 3.1695000E+02  9.910000E+37  1.546943E+01  1.503946E-12
 3.1700000E+02  9.910000E+37  1.546730E+01  1.492274E-12
 3.1705000E+02  9.910000E+37  1.546612E+01  1.499351E-12
 3.1710000E+02  9.910000E+37  1.546451E+01  1.503654E-12
 3.1715000E+02  9.910000E+37  1.545925E+01  1.517266E-12
 3.1720000E+02  9.910000E+37  1.545862E+01  1.506806E-12
 3.1725000E+02  9.910000E+37  1.545384E+01  1.495288E-12
 3.1730000E+02  9.910000E+37  1.545200E+01  1.496212E-12
 3.1735000E+02  9.910000E+37  1.545075E+01  1.493508E-12
 3.1740000E+02  9.910000E+37  1.544812E+01  1.500881E-12
 3.1745000E+02  9.910000E+37  1.544122E+01  1.509548E-12
 3.1750000E+02  9.910000E+37  1.544056E+01  1.493195E-12
 3.1755000E+02  9.910000E+37  1.543745E+01  1.493976E-12
 3.1760000E+02  9.910000E+37  1.543532E+01  1.499062E-12
 3.1765000E+02  9.910000E+37  1.543261E+01  1.479353E-12
 3.1770000E+02  9.910000E+37  1.543087E+01  1.502682E-12
 3.1775000E+02  9.910000E+37  1.542869E+01  1.512169E-12
 3.1780000E+02  9.910000E+37  1.542573E+01  1.492072E-12
 3.1785000E+02  9.910000E+37  1.542355E+01  1.486974E-12
 3.1790000E+02  9.910000E+37  1.541951E+01  1.511761E-12
 3.1795000E+02  9.910000E+37  1.541695E+01  1.515570E-12
 3.1800000E+02  9.910000E+37  1.541432E+01  1.480611E-12
 3.1805000E+02  9.910000E+37  1.541054E+01  1.520399E-12
 3.1810000E+02  9.910000E+37  1.540821E+01  1.493873E-12
 3.1815000E+02  9.910000E+37  1.540266E+01  1.478108E-12
 3.1820000E+02  9.910000E+37  1.540213E+01  1.507468E-12
 3.1825000E+02  9.910000E+37  1.539812E+01  1.506785E-12
 3.1830000E+02  9.910000E+37  1.539850E+01  1.493844E-12
 3.1835000E+02  9.910000E+37  1.539418E+01  1.480644E-12
 3.1840000E+02  9.910000E+37  1.539125E+01  1.488093E-12
 3.1845000E+02  9.910000E+37  1.538908E+01  1.488820E-12
 3.1850000E+02  9.910000E+37  1.538826E+01  1.491234E-12
 3.1855000E+02  9.910000E+37  1.538508E+01  1.498185E-12
 3.1860000E+02  9.910000E+37  1.538300E+01  1.474585E-12
 3.1865000E+02  9.910000E+37  1.537983E+01  1.518082E-12
 3.1870000E+02  9.910000E+37  1.537845E+01  1.508357E-12
 3.1875000E+02  9.910000E+37  1.537503E+01  1.495417E-12
 3.1880000E+02  9.910000E+37  1.537081E+01  1.489049E-12
 3.1885000E+02  9.910000E+37  1.536625E+01  1.520220E-12
 3.1890000E+02  9.910000E+37  1.536542E+01  1.512356E-12
 3.1895000E+02  9.910000E+37  1.536005E+01  1.483110E-12
 3.1900000E+02  9.910000E+37  1.535880E+01  1.504464E-12
 3.1905000E+02  9.910000E+37  1.535502E+01  1.510567E-12
 3.1910000E+02  9.910000E+37  1.535395E+01  1.527196E-12
 3.1915000E+02  9.910000E+37  1.535176E+01  1.514795E-12
 3.1920000E+02  9.910000E+37  1.534997E+01  1.511020E-12
 3.1925000E+02  9.910000E+37  1.534712E+01  1.538002E-12
 3.1930000E+02  9.910000E+37  1.534491E+01  1.540259E-12
 3.1935000E+02  9.910000E+37  1.534068E+01  1.522848E-12
 3.1940000E+02  9.910000E+37  1.533765E+01  1.521398E-12
 3.1945000E+02  9.910000E+37  1.533597E+01  1.522207E-12
 3.1950000E+02  9.910000E+37  1.533319E+01  1.523731E-12
 3.1955000E+02  9.910000E+37  1.532939E+01  1.538692E-12
 3.1960000E+02  9.910000E+37  1.532709E+01  1.529830E-12
 3.1965000E+02  9.910000E+37  1.532478E+01  1.548001E-12
 3.1970000E+02  9.910000E+37  1.532102E+01  1.534116E-12
 3.1975000E+02  9.910000E+37  1.531864E+01  1.538147E-12
 3.1980000E+02  9.910000E+37  1.531613E+01  1.546745E-12
 3.1985000E+02  9.910000E+37  1.531145E+01  1.555922E-12
 3.1990000E+02  9.910000E+37  1.530843E+01  1.554783E-12
 3.1995000E+02  9.910000E+37  1.530812E+01  1.568815E-12
 3.2000000E+02  9.910000E+37  1.530430E+01  1.567964E-12

