
 2.7000000E+02  1.029490E-12  2.110288E+02
 2.7100000E+02  1.007543E-12  2.110059E+02
 2.7200000E+02  1.048877E-12  2.109890E+02
 2.7300000E+02  1.015014E-12  2.109640E+02
 2.7400000E+02  9.986157E-13  2.109462E+02
 2.7500000E+02  1.055024E-12  2.109253E+02
 2.7600000E+02  1.066208E-12  2.108994E+02
 2.7700000E+02  1.053016E-12  2.108790E+02
 2.7800000E+02  1.046825E-12  2.108566E+02
 2.7900000E+02  1.035028E-12  2.108324E+02
 2.8000000E+02  1.055214E-12  2.108149E+02
 2.8100000E+02  1.054082E-12  2.107944E+02
 2.8200000E+02  1.032418E-12  2.107685E+02
 2.8300000E+02  1.208313E-12  2.107559E+02
 2.8400000E+02  1.539631E-11  2.107297E+02
 2.8500000E+02  1.383742E-11  2.107105E+02
 2.8600000E+02  9.271577E-12  2.106896E+02
 2.8700000E+02  9.981802E-12  2.106695E+02
 2.8800000E+02  1.004274E-11  2.106461E+02
 2.8900000E+02  9.947341E-12  2.106303E+02
 2.9000000E+02  1.148447E-11  2.106053E+02
 2.9100000E+02  2.645264E-11  2.105849E+02
 2.9200000E+02  2.605884E-11  2.105489E+02
 2.9300000E+02  2.198743E-11  2.105307E+02
 2.9400000E+02  2.156229E-11  2.105139E+02
 2.9500000E+02  2.172535E-11  2.104908E+02
 2.9600000E+02  2.219069E-11  2.104672E+02
 2.9700000E+02  2.198141E-11  2.104486E+02
 2.9800000E+02  2.157262E-11  2.104260E+02
 2.9900000E+02  2.151338E-11  2.104073E+02
 3.0000000E+02  2.191003E-11  2.103906E+02
 3.0100000E+02  2.236006E-11  2.103673E+02
 3.0200000E+02  2.346764E-11  2.103467E+02
 3.0300000E+02  2.396855E-11  2.103293E+02
 3.0400000E+02  2.317957E-11  2.103043E+02
 3.0500000E+02  2.314496E-11  2.102835E+02
 3.0600000E+02  2.417298E-11  2.102614E+02
 3.0700000E+02  2.409893E-11  2.102387E+02
 3.0800000E+02  2.295808E-11  2.102204E+02
 3.0900000E+02  2.120993E-11  2.102017E+02
 3.1000000E+02  1.921130E-11  2.101790E+02
 3.1100000E+02  1.734340E-11  2.101434E+02
 3.1200000E+02  1.604615E-11  2.101279E+02
 3.1300000E+02  1.564313E-11  2.101064E+02
 3.1400000E+02  1.563484E-11  2.100904E+02
 3.1500000E+02  1.566701E-11  2.100676E+02
 3.1600000E+02  1.555082E-11  2.100459E+02
 3.1700000E+02  1.538217E-11  2.100281E+02
 3.1800000E+02  1.540063E-11  2.100040E+02
 3.1900000E+02  1.569845E-11  2.099879E+02
 3.2000000E+02  1.603392E-11  2.099683E+02
 3.2100000E+02  1.644813E-11  2.099513E+02
 3.2200000E+02  1.700460E-11  2.099338E+02
 3.2300000E+02  1.753341E-11  2.099103E+02
 3.2400000E+02  1.817495E-11  2.098940E+02
 3.2500000E+02  1.877847E-11  2.098675E+02
 3.2600000E+02  1.915600E-11  2.098490E+02
 3.2700000E+02  1.938057E-11  2.098310E+02
 3.2800000E+02  1.958271E-11  2.098121E+02
 3.2900000E+02  1.968924E-11  2.097946E+02
 3.3000000E+02  1.969133E-11  2.097743E+02
 3.3100000E+02  1.956819E-11  2.097601E+02
 3.3200000E+02  1.919006E-11  2.097367E+02
 3.3300000E+02  1.878125E-11  2.097184E+02
 3.3400000E+02  1.844909E-11  2.097015E+02
 3.3500000E+02  1.816699E-11  2.096784E+02
 3.3600000E+02  1.780318E-11  2.096621E+02
 3.3700000E+02  1.751347E-11  2.096411E+02
 3.3800000E+02  1.726324E-11  2.096209E+02
 3.3900000E+02  1.717879E-11  2.095990E+02
 3.4000000E+02  1.712529E-11  2.095812E+02
 3.4100000E+02  1.715512E-11  2.095650E+02
 3.4200000E+02  1.725204E-11  2.095447E+02
 3.4300000E+02  1.737047E-11  2.095263E+02
 3.4400000E+02  1.756147E-11  2.095112E+02
 3.4500000E+02  1.771702E-11  2.094931E+02
 3.4600000E+02  1.782083E-11  2.094691E+02
 3.4700000E+02  1.763922E-11  2.094513E+02
 3.4800000E+02  1.551394E-11  2.094293E+02
 3.4900000E+02  1.814629E-11  2.094107E+02
 3.5000000E+02  1.793888E-11  2.093919E+02
 3.5100000E+02  1.682532E-11  2.093753E+02
 3.5200000E+02  1.823929E-11  2.093582E+02
 3.5300000E+02  1.850258E-11  2.093404E+02
 3.5400000E+02  1.869796E-11  2.093226E+02
 3.5500000E+02  1.896881E-11  2.093051E+02
 3.5600000E+02  1.924162E-11  2.092877E+02
 3.5700000E+02  1.946175E-11  2.092658E+02
 3.5800000E+02  1.974604E-11  2.092488E+02
 3.5900000E+02  1.998451E-11  2.092260E+02
 3.6000000E+02  2.023015E-11  2.092068E+02
 3.6100000E+02  2.047932E-11  2.091894E+02
 3.6200000E+02  2.052851E-11  2.091719E+02
 3.6300000E+02  2.082230E-11  2.091551E+02
 3.6400000E+02  2.095042E-11  2.091372E+02
 3.6500000E+02  2.137113E-11  2.091194E+02
 3.6600000E+02  2.120622E-11  2.090825E+02
 3.6700000E+02  2.141027E-11  2.090639E+02
 3.6800000E+02  2.147624E-11  2.090463E+02
 3.6900000E+02  2.151471E-11  2.090307E+02
 3.7000000E+02  2.153668E-11  2.090125E+02
 3.7100000E+02  2.150376E-11  2.089943E+02
 3.7200000E+02  2.148972E-11  2.089768E+02
 3.7300000E+02  2.138999E-11  2.089536E+02
 3.7400000E+02  2.151616E-11  2.089358E+02
 3.7500000E+02  2.156990E-11  2.089192E+02
 3.7600000E+02  2.156041E-11  2.089001E+02
 3.7700000E+02  2.172942E-11  2.088825E+02
 3.7800000E+02  2.181946E-11  2.088664E+02
 3.7900000E+02  2.209535E-11  2.088529E+02
 3.8000000E+02  2.225269E-11  2.088336E+02
 3.8100000E+02  2.234028E-11  2.088119E+02
 3.8200000E+02  2.252074E-11  2.087953E+02
 3.8300000E+02  2.273929E-11  2.087774E+02
 3.8400000E+02  2.288995E-11  2.087580E+02
 3.8500000E+02  2.306548E-11  2.087421E+02
 3.8600000E+02  2.320528E-11  2.087233E+02
 3.8700000E+02  2.323855E-11  2.087055E+02
 3.8800000E+02  2.337765E-11  2.086896E+02
 3.8900000E+02  2.334564E-11  2.086654E+02
 3.9000000E+02  2.332970E-11  2.086487E+02
 3.9100000E+02  2.331893E-11  2.086354E+02
 3.9200000E+02  2.324752E-11  2.086191E+02
 3.9300000E+02  2.321721E-11  2.086002E+02
 3.9400000E+02  2.313724E-11  2.085881E+02
 3.9500000E+02  2.302680E-11  2.085717E+02
 3.9600000E+02  2.289004E-11  2.085450E+02
 3.9700000E+02  2.281204E-11  2.085309E+02
 3.9800000E+02  2.260801E-11  2.085138E+02
 3.9900000E+02  2.280452E-11  2.084953E+02
 4.0000000E+02  2.301047E-11  2.084777E+02
 4.0100000E+02  2.316389E-11  2.084601E+02
 4.0200000E+02  2.316256E-11  2.084431E+02
 4.0300000E+02  2.320679E-11  2.084248E+02
 4.0400000E+02  2.332738E-11  2.084082E+02
 4.0500000E+02  2.334494E-11  2.083900E+02
 4.0600000E+02  2.343418E-11  2.083777E+02
 4.0700000E+02  2.351543E-11  2.083588E+02
 4.0800000E+02  2.360610E-11  2.083464E+02
 4.0900000E+02  2.358070E-11  2.083276E+02
 4.1000000E+02  2.362597E-11  2.083052E+02
 4.1100000E+02  2.358076E-11  2.082897E+02
 4.1200000E+02  2.357402E-11  2.082711E+02
 4.1300000E+02  2.354346E-11  2.082593E+02
 4.1400000E+02  2.345046E-11  2.082416E+02
 4.1500000E+02  2.337025E-11  2.082190E+02
 4.1600000E+02  2.329184E-11  2.082008E+02
 4.1700000E+02  2.313734E-11  2.081888E+02
 4.1800000E+02  2.304873E-11  2.081662E+02
 4.1900000E+02  2.289490E-11  2.081531E+02
 4.2000000E+02  2.272890E-11  2.081366E+02
 4.2100000E+02  2.262555E-11  2.081177E+02
 4.2200000E+02  2.249726E-11  2.081054E+02
 4.2300000E+02  2.241600E-11  2.080870E+02
 4.2400000E+02  2.235595E-11  2.080694E+02
 4.2500000E+02  2.234870E-11  2.080522E+02
 4.2600000E+02  2.233886E-11  2.080336E+02
 4.2700000E+02  2.231094E-11  2.080171E+02
 4.2800000E+02  2.238552E-11  2.080008E+02
 4.2900000E+02  2.242288E-11  2.079829E+02
 4.3000000E+02  2.242585E-11  2.079650E+02
 4.3100000E+02  2.245230E-11  2.079471E+02
 4.3200000E+02  2.256701E-11  2.079336E+02
 4.3300000E+02  2.263586E-11  2.079160E+02
 4.3400000E+02  2.264091E-11  2.078997E+02
 4.3500000E+02  2.264965E-11  2.078849E+02
 4.3600000E+02  2.277727E-11  2.078649E+02
 4.3700000E+02  2.281483E-11  2.078506E+02
 4.3800000E+02  2.285611E-11  2.078334E+02
 4.3900000E+02  2.288550E-11  2.078192E+02
 4.4000000E+02  2.292807E-11  2.078030E+02
 4.4100000E+02  2.292576E-11  2.077859E+02
 4.4200000E+02  2.294403E-11  2.077684E+02
 4.4300000E+02  2.294261E-11  2.077545E+02
 4.4400000E+02  2.291094E-11  2.077332E+02
 4.4500000E+02  2.273584E-11  2.077209E+02
 4.4600000E+02  2.264976E-11  2.077061E+02
 4.4700000E+02  2.249916E-11  2.076900E+02
 4.4800000E+02  2.225803E-11  2.076770E+02
 4.4900000E+02  2.197283E-11  2.076600E+02
 4.5000000E+02  2.143515E-11  2.076430E+02
 4.5100000E+02  2.029209E-11  2.076284E+02
 4.5200000E+02  1.256164E-11  2.076097E+02
 4.5300000E+02  1.067194E-12  2.075793E+02
 4.5400000E+02  2.911308E-13  2.075655E+02
 4.5500000E+02  1.561582E-13  2.075480E+02
 4.5600000E+02  1.546230E-13  2.075368E+02
 4.5700000E+02  1.743659E-13  2.075184E+02
 4.5800000E+02  3.126863E-13  2.075003E+02
 4.5900000E+02  1.577407E-13  2.074876E+02
 4.6000000E+02  8.389058E-14  2.074735E+02
 4.6100000E+02  6.403265E-14  2.074566E+02
 4.6200000E+02  7.341006E-14  2.074387E+02
 4.6300000E+02  1.048131E-13  2.074273E+02
 4.6400000E+02  1.932093E-13  2.074098E+02
 4.6500000E+02  2.671815E-13  2.073966E+02
END
