
 2.8000000E+02  9.933544E-13  2.069081E+02
 2.8005000E+02  9.787925E-13  2.068936E+02
 2.8010000E+02  9.513587E-13  2.068873E+02
 2.8015000E+02  9.830074E-13  2.068764E+02
 2.8020000E+02  9.884517E-13  2.068686E+02
 2.8025000E+02  9.520465E-13  2.068639E+02
 2.8030000E+02  9.927921E-13  2.068568E+02
 2.8035000E+02  9.621974E-13  2.068484E+02
 2.8040000E+02  9.932932E-13  2.068452E+02
 2.8045000E+02  9.803840E-13  2.068350E+02
 2.8050000E+02  9.893928E-13  2.068255E+02
 2.8055000E+02  9.924158E-13  2.068167E+02
 2.8060000E+02  1.008325E-12  2.068136E+02
 2.8065000E+02  9.705713E-13  2.068041E+02
 2.8070000E+02  1.001158E-12  2.067962E+02
 2.8075000E+02  9.799193E-13  2.067865E+02
 2.8080000E+02  9.954778E-13  2.067769E+02
 2.8085000E+02  1.043000E-12  2.067733E+02
 2.8090000E+02  1.003457E-12  2.067651E+02
 2.8095000E+02  1.020148E-12  2.067561E+02
 2.8100000E+02  9.915241E-13  2.067514E+02
 2.8105000E+02  1.009518E-12  2.067424E+02
 2.8110000E+02  9.797358E-13  2.067350E+02
 2.8115000E+02  9.835521E-13  2.067250E+02
 2.8120000E+02  9.889530E-13  2.067190E+02
 2.8125000E+02  1.004359E-12  2.067075E+02
 2.8130000E+02  9.759098E-13  2.067031E+02
 2.8135000E+02  9.811215E-13  2.066961E+02
 2.8140000E+02  9.478291E-13  2.066859E+02
 2.8145000E+02  9.905421E-13  2.066825E+02
 2.8150000E+02  9.918716E-13  2.066725E+02
 2.8155000E+02  9.958323E-13  2.066641E+02
 2.8160000E+02  9.906035E-13  2.066606E+02
 2.8165000E+02  1.011129E-12  2.066534E+02
 2.8170000E+02  9.850387E-13  2.066425E+02
 2.8175000E+02  1.001553E-12  2.066390E+02
 2.8180000E+02  9.909185E-13  2.066299E+02
 2.8185000E+02  1.022979E-12  2.066216E+02
 2.8190000E+02  1.045676E-12  2.066162E+02
 2.8195000E+02  1.014353E-12  2.066094E+02
 2.8200000E+02  1.060216E-12  2.065960E+02
 2.8205000E+02  1.042442E-12  2.065928E+02
 2.8210000E+02  1.100991E-12  2.065837E+02
 2.8215000E+02  1.113638E-12  2.065749E+02
 2.8220000E+02  1.077186E-12  2.065713E+02
 2.8225000E+02  1.127641E-12  2.065626E+02
 2.8230000E+02  1.151131E-12  2.065523E+02
 2.8235000E+02  1.111438E-12  2.065483E+02
 2.8240000E+02  1.135434E-12  2.065419E+02
 2.8245000E+02  1.115566E-12  2.065319E+02
 2.8250000E+02  1.111455E-12  2.065241E+02
 2.8255000E+02  1.171548E-12  2.065202E+02
 2.8260000E+02  1.178288E-12  2.065097E+02
 2.8265000E+02  1.192430E-12  2.065012E+02
 2.8270000E+02  1.229621E-12  2.064963E+02
 2.8275000E+02  1.221873E-12  2.064878E+02
 2.8280000E+02  1.225113E-12  2.064731E+02
 2.8285000E+02  1.264032E-12  2.064663E+02
 2.8290000E+02  1.243976E-12  2.064604E+02
 2.8295000E+02  1.268522E-12  2.064519E+02
 2.8300000E+02  1.270751E-12  2.064446E+02
 2.8305000E+02  1.300488E-12  2.064405E+02
 2.8310000E+02  1.410538E-12  2.064327E+02
 2.8315000E+02  1.455559E-12  2.064287E+02
 2.8320000E+02  1.559330E-12  2.064206E+02
 2.8325000E+02  1.616472E-12  2.064113E+02
 2.8330000E+02  1.721198E-12  2.064038E+02
 2.8335000E+02  1.917562E-12  2.063935E+02
 2.8340000E+02  2.133891E-12  2.063911E+02
 2.8345000E+02  2.491132E-12  2.063814E+02
 2.8350000E+02  2.901701E-12  2.063683E+02
 2.8355000E+02  3.680537E-12  2.063633E+02
 2.8360000E+02  4.661813E-12  2.063539E+02
 2.8365000E+02  5.798788E-12  2.063498E+02
 2.8370000E+02  6.991319E-12  2.063423E+02
 2.8375000E+02  8.031121E-12  2.063342E+02
 2.8380000E+02  8.989255E-12  2.063239E+02
 2.8385000E+02  9.982954E-12  2.063147E+02
 2.8390000E+02  1.114605E-11  2.063106E+02
 2.8395000E+02  1.300771E-11  2.063021E+02
 2.8400000E+02  1.561600E-11  2.062936E+02
 2.8405000E+02  1.796437E-11  2.062904E+02
 2.8410000E+02  1.990959E-11  2.062822E+02
 2.8415000E+02  2.167089E-11  2.062712E+02
 2.8420000E+02  2.194807E-11  2.062542E+02
 2.8425000E+02  2.251596E-11  2.062468E+02
 2.8430000E+02  2.284040E-11  2.062314E+02
 2.8435000E+02  2.317951E-11  2.062253E+02
 2.8440000E+02  2.346602E-11  2.062167E+02
 2.8445000E+02  2.358323E-11  2.062120E+02
 2.8450000E+02  2.343649E-11  2.062023E+02
 2.8455000E+02  2.300037E-11  2.061934E+02
 2.8460000E+02  2.241489E-11  2.061903E+02
 2.8465000E+02  2.178587E-11  2.061813E+02
 2.8470000E+02  2.117262E-11  2.061730E+02
 2.8475000E+02  2.029046E-11  2.061648E+02
 2.8480000E+02  1.921366E-11  2.061566E+02
 2.8485000E+02  1.812825E-11  2.061381E+02
 2.8490000E+02  1.646871E-11  2.061293E+02
 2.8495000E+02  1.458878E-11  2.061252E+02
 2.8500000E+02  1.295575E-11  2.061155E+02
 2.8505000E+02  1.160119E-11  2.061075E+02
 2.8510000E+02  1.063588E-11  2.061046E+02
 2.8515000E+02  1.011847E-11  2.060915E+02
 2.8520000E+02  9.720576E-12  2.060818E+02
 2.8525000E+02  9.508383E-12  2.060743E+02
 2.8530000E+02  9.347290E-12  2.060705E+02
 2.8535000E+02  9.276278E-12  2.060621E+02
 2.8540000E+02  9.206416E-12  2.060530E+02
 2.8545000E+02  9.092171E-12  2.060485E+02
 2.8550000E+02  8.993469E-12  2.060397E+02
 2.8555000E+02  8.923268E-12  2.060319E+02
 2.8560000E+02  8.867875E-12  2.060286E+02
 2.8565000E+02  8.788123E-12  2.060198E+02
 2.8570000E+02  8.746955E-12  2.060097E+02
 2.8575000E+02  8.727981E-12  2.060017E+02
 2.8580000E+02  8.699614E-12  2.059911E+02
 2.8585000E+02  8.713384E-12  2.059867E+02
 2.8590000E+02  8.816186E-12  2.059791E+02
 2.8595000E+02  8.944465E-12  2.059700E+02
 2.8600000E+02  8.996704E-12  2.059665E+02
 2.8605000E+02  9.090576E-12  2.059575E+02
 2.8610000E+02  9.131671E-12  2.059489E+02
 2.8615000E+02  9.171902E-12  2.059403E+02
 2.8620000E+02  9.165680E-12  2.059319E+02
 2.8625000E+02  9.222690E-12  2.059266E+02
 2.8630000E+02  9.260693E-12  2.059199E+02
 2.8635000E+02  9.311199E-12  2.059112E+02
 2.8640000E+02  9.339762E-12  2.059077E+02
 2.8645000E+02  9.402174E-12  2.058934E+02
 2.8650000E+02  9.419569E-12  2.058848E+02
 2.8655000E+02  9.457118E-12  2.058776E+02
 2.8660000E+02  9.514678E-12  2.058673E+02
 2.8665000E+02  9.524165E-12  2.058595E+02
 2.8670000E+02  9.584863E-12  2.058564E+02
 2.8675000E+02  9.600377E-12  2.058464E+02
 2.8680000E+02  9.618333E-12  2.058376E+02
 2.8685000E+02  9.628900E-12  2.058332E+02
 2.8690000E+02  9.592840E-12  2.058254E+02
 2.8695000E+02  9.619658E-12  2.058211E+02
 2.8700000E+02  9.606069E-12  2.058125E+02
 2.8705000E+02  9.598641E-12  2.058033E+02
 2.8710000E+02  9.563460E-12  2.057951E+02
 2.8715000E+02  9.597378E-12  2.057856E+02
 2.8720000E+02  9.598311E-12  2.057811E+02
 2.8725000E+02  9.591509E-12  2.057741E+02
 2.8730000E+02  9.590463E-12  2.057643E+02
 2.8735000E+02  9.665918E-12  2.057628E+02
 2.8740000E+02  9.765918E-12  2.057489E+02
 2.8745000E+02  9.790888E-12  2.057438E+02
 2.8750000E+02  9.836593E-12  2.057353E+02
 2.8755000E+02  9.838503E-12  2.057261E+02
 2.8760000E+02  9.835086E-12  2.057188E+02
 2.8765000E+02  9.810674E-12  2.057090E+02
 2.8770000E+02  9.839229E-12  2.057044E+02
 2.8775000E+02  9.794242E-12  2.056970E+02
 2.8780000E+02  9.722569E-12  2.056906E+02
 2.8785000E+02  9.669375E-12  2.056830E+02
 2.8790000E+02  9.642028E-12  2.056755E+02
 2.8795000E+02  9.593760E-12  2.056668E+02
 2.8800000E+02  9.571147E-12  2.056615E+02
 2.8805000E+02  9.615709E-12  2.056541E+02
 2.8810000E+02  9.604074E-12  2.056453E+02
 2.8815000E+02  9.567008E-12  2.056369E+02
 2.8820000E+02  9.600995E-12  2.056267E+02
 2.8825000E+02  9.587346E-12  2.056214E+02
 2.8830000E+02  9.601282E-12  2.056158E+02
 2.8835000E+02  9.572482E-12  2.056079E+02
 2.8840000E+02  9.579416E-12  2.055977E+02
 2.8845000E+02  9.525819E-12  2.055946E+02
 2.8850000E+02  9.566563E-12  2.055852E+02
 2.8855000E+02  9.562315E-12  2.055773E+02
 2.8860000E+02  9.568999E-12  2.055695E+02
 2.8865000E+02  9.556389E-12  2.055659E+02
 2.8870000E+02  9.524083E-12  2.055561E+02
 2.8875000E+02  9.554104E-12  2.055507E+02
 2.8880000E+02  9.555191E-12  2.055413E+02
 2.8885000E+02  9.559486E-12  2.055346E+02
 2.8890000E+02  9.584701E-12  2.055288E+02
 2.8895000E+02  9.575451E-12  2.055209E+02
 2.8900000E+02  9.563915E-12  2.055111E+02
 2.8905000E+02  9.566918E-12  2.054988E+02
 2.8910000E+02  9.563684E-12  2.054958E+02
 2.8915000E+02  9.470255E-12  2.054865E+02
 2.8920000E+02  9.407793E-12  2.054865E+02
 2.8925000E+02  9.252887E-12  2.054745E+02
 2.8930000E+02  9.176833E-12  2.054662E+02
 2.8935000E+02  9.144010E-12  2.054621E+02
 2.8940000E+02  9.200611E-12  2.054541E+02
 2.8945000E+02  9.232105E-12  2.054449E+02
 2.8950000E+02  9.321288E-12  2.054353E+02
 2.8955000E+02  9.451321E-12  2.054306E+02
 2.8960000E+02  9.553127E-12  2.054215E+02
 2.8965000E+02  9.729211E-12  2.054161E+02
 2.8970000E+02  9.918479E-12  2.054075E+02
 2.8975000E+02  1.015993E-11  2.053998E+02
 2.8980000E+02  1.036770E-11  2.053971E+02
 2.8985000E+02  1.053649E-11  2.053843E+02
 2.8990000E+02  1.074469E-11  2.053758E+02
 2.8995000E+02  1.089638E-11  2.053707E+02
 2.9000000E+02  1.112777E-11  2.053613E+02
 2.9005000E+02  1.132344E-11  2.053546E+02
 2.9010000E+02  1.170175E-11  2.053501E+02
 2.9015000E+02  1.228329E-11  2.053410E+02
 2.9020000E+02  1.329042E-11  2.053325E+02
 2.9025000E+02  1.453563E-11  2.053281E+02
 2.9030000E+02  1.588168E-11  2.053240E+02
 2.9035000E+02  1.714209E-11  2.053154E+02
 2.9040000E+02  1.846120E-11  2.053019E+02
 2.9045000E+02  1.986077E-11  2.052981E+02
 2.9050000E+02  2.204016E-11  2.052884E+02
 2.9055000E+02  2.360206E-11  2.052686E+02
 2.9060000E+02  2.625789E-11  2.052634E+02
 2.9065000E+02  2.856775E-11  2.052553E+02
 2.9070000E+02  2.978989E-11  2.052472E+02
 2.9075000E+02  2.990359E-11  2.052436E+02
 2.9080000E+02  2.934767E-11  2.052360E+02
 2.9085000E+02  2.853544E-11  2.052316E+02
 2.9090000E+02  2.754667E-11  2.052226E+02
 2.9095000E+02  2.651865E-11  2.052184E+02
 2.9100000E+02  2.546236E-11  2.052044E+02
 2.9105000E+02  2.434851E-11  2.051965E+02
 2.9110000E+02  2.366135E-11  2.051928E+02
 2.9115000E+02  2.342833E-11  2.051861E+02
 2.9120000E+02  2.356883E-11  2.051767E+02
 2.9125000E+02  2.391064E-11  2.051712E+02
 2.9130000E+02  2.419948E-11  2.051621E+02
 2.9135000E+02  2.438368E-11  2.051544E+02
 2.9140000E+02  2.457349E-11  2.051499E+02
 2.9145000E+02  2.462149E-11  2.051415E+02
 2.9150000E+02  2.475809E-11  2.051335E+02
 2.9155000E+02  2.492868E-11  2.051284E+02
 2.9160000E+02  2.512069E-11  2.051195E+02
 2.9165000E+02  2.531059E-11  2.051112E+02
 2.9170000E+02  2.540373E-11  2.051071E+02
 2.9175000E+02  2.540518E-11  2.050984E+02
 2.9180000E+02  2.538686E-11  2.050911E+02
 2.9185000E+02  2.535688E-11  2.050874E+02
 2.9190000E+02  2.530377E-11  2.050756E+02
 2.9195000E+02  2.524711E-11  2.050661E+02
 2.9200000E+02  2.517723E-11  2.050617E+02
 2.9205000E+02  2.503146E-11  2.050536E+02
 2.9210000E+02  2.481893E-11  2.050443E+02
 2.9215000E+02  2.453818E-11  2.050390E+02
 2.9220000E+02  2.426131E-11  2.050307E+02
 2.9225000E+02  2.406977E-11  2.050267E+02
 2.9230000E+02  2.384233E-11  2.050188E+02
 2.9235000E+02  2.368392E-11  2.050087E+02
 2.9240000E+02  2.354840E-11  2.050019E+02
 2.9245000E+02  2.332619E-11  2.049956E+02
 2.9250000E+02  2.308844E-11  2.049899E+02
 2.9255000E+02  2.283449E-11  2.049806E+02
 2.9260000E+02  2.253589E-11  2.049732E+02
 2.9265000E+02  2.228748E-11  2.049686E+02
 2.9270000E+02  2.204585E-11  2.049610E+02
 2.9275000E+02  2.193607E-11  2.049524E+02
 2.9280000E+02  2.181182E-11  2.049476E+02
 2.9285000E+02  2.169391E-11  2.049394E+02
 2.9290000E+02  2.155818E-11  2.049306E+02
 2.9295000E+02  2.141756E-11  2.049238E+02
 2.9300000E+02  2.126372E-11  2.049195E+02
 2.9305000E+02  2.116017E-11  2.049055E+02
 2.9310000E+02  2.106085E-11  2.048970E+02
 2.9315000E+02  2.096162E-11  2.048918E+02
 2.9320000E+02  2.088198E-11  2.048846E+02
 2.9325000E+02  2.092794E-11  2.048804E+02
 2.9330000E+02  2.079209E-11  2.048701E+02
 2.9335000E+02  2.079549E-11  2.048624E+02
 2.9340000E+02  2.081733E-11  2.048541E+02
 2.9345000E+02  2.080196E-11  2.048458E+02
 2.9350000E+02  2.073854E-11  2.048426E+02
 2.9355000E+02  2.073213E-11  2.048336E+02
 2.9360000E+02  2.077006E-11  2.048292E+02
 2.9365000E+02  2.078737E-11  2.048209E+02
 2.9370000E+02  2.075348E-11  2.048172E+02
 2.9375000E+02  2.076591E-11  2.048072E+02
 2.9380000E+02  2.079158E-11  2.047994E+02
 2.9385000E+02  2.083685E-11  2.047910E+02
 2.9390000E+02  2.085324E-11  2.047808E+02
 2.9395000E+02  2.086821E-11  2.047790E+02
 2.9400000E+02  2.084611E-11  2.047649E+02
 2.9405000E+02  2.085879E-11  2.047551E+02
 2.9410000E+02  2.085751E-11  2.047525E+02
 2.9415000E+02  2.084112E-11  2.047444E+02
 2.9420000E+02  2.081831E-11  2.047402E+02
 2.9425000E+02  2.082607E-11  2.047316E+02
 2.9430000E+02  2.078623E-11  2.047233E+02
 2.9435000E+02  2.078676E-11  2.047121E+02
 2.9440000E+02  2.077705E-11  2.047097E+02
 2.9445000E+02  2.077971E-11  2.047024E+02
 2.9450000E+02  2.079786E-11  2.046940E+02
 2.9455000E+02  2.080373E-11  2.046899E+02
 2.9460000E+02  2.077762E-11  2.046815E+02
 2.9465000E+02  2.079930E-11  2.046721E+02
 2.9470000E+02  2.081637E-11  2.046684E+02
 2.9475000E+02  2.078897E-11  2.046589E+02
 2.9480000E+02  2.075937E-11  2.046494E+02
 2.9485000E+02  2.081292E-11  2.046383E+02
 2.9490000E+02  2.088840E-11  2.046298E+02
 2.9495000E+02  2.092876E-11  2.046251E+02
 2.9500000E+02  2.091935E-11  2.046166E+02
 2.9505000E+02  2.099555E-11  2.046077E+02
 2.9510000E+02  2.106123E-11  2.046047E+02
 2.9515000E+02  2.110639E-11  2.045962E+02
 2.9520000E+02  2.115691E-11  2.045878E+02
 2.9525000E+02  2.119833E-11  2.045793E+02
 2.9530000E+02  2.116753E-11  2.045750E+02
 2.9535000E+02  2.121912E-11  2.045660E+02
 2.9540000E+02  2.126182E-11  2.045587E+02
 2.9545000E+02  2.130806E-11  2.045539E+02
 2.9550000E+02  2.131176E-11  2.045454E+02
 2.9555000E+02  2.135952E-11  2.045366E+02
 2.9560000E+02  2.136484E-11  2.045316E+02
 2.9565000E+02  2.137253E-11  2.045237E+02
 2.9570000E+02  2.138275E-11  2.045158E+02
 2.9575000E+02  2.142547E-11  2.045110E+02
 2.9580000E+02  2.135424E-11  2.044972E+02
 2.9585000E+02  2.141759E-11  2.044897E+02
 2.9590000E+02  2.136595E-11  2.044855E+02
 2.9595000E+02  2.141471E-11  2.044771E+02
 2.9600000E+02  2.139928E-11  2.044691E+02
 2.9605000E+02  2.139032E-11  2.044645E+02
 2.9610000E+02  2.139802E-11  2.044581E+02
 2.9615000E+02  2.138136E-11  2.044474E+02
 2.9620000E+02  2.136893E-11  2.044437E+02
 2.9625000E+02  2.138184E-11  2.044354E+02
 2.9630000E+02  2.136226E-11  2.044274E+02
 2.9635000E+02  2.132646E-11  2.044190E+02
 2.9640000E+02  2.133795E-11  2.044132E+02
 2.9645000E+02  2.133311E-11  2.044054E+02
 2.9650000E+02  2.131793E-11  2.044011E+02
 2.9655000E+02  2.131864E-11  2.043910E+02
 2.9660000E+02  2.130110E-11  2.043839E+02
 2.9665000E+02  2.126251E-11  2.043752E+02
 2.9670000E+02  2.128739E-11  2.043674E+02
 2.9675000E+02  2.128346E-11  2.043579E+02
 2.9680000E+02  2.123377E-11  2.043495E+02
 2.9685000E+02  2.128094E-11  2.043453E+02
 2.9690000E+02  2.126753E-11  2.043367E+02
 2.9695000E+02  2.125114E-11  2.043319E+02
 2.9700000E+02  2.123653E-11  2.043239E+02
 2.9705000E+02  2.123166E-11  2.043153E+02
 2.9710000E+02  2.116607E-11  2.043113E+02
 2.9715000E+02  2.115027E-11  2.043037E+02
 2.9720000E+02  2.113313E-11  2.042957E+02
 2.9725000E+02  2.110854E-11  2.042905E+02
 2.9730000E+02  2.108677E-11  2.042819E+02
 2.9735000E+02  2.105412E-11  2.042724E+02
 2.9740000E+02  2.105487E-11  2.042644E+02
 2.9745000E+02  2.100300E-11  2.042611E+02
 2.9750000E+02  2.098355E-11  2.042524E+02
 2.9755000E+02  2.093779E-11  2.042476E+02
 2.9760000E+02  2.090112E-11  2.042365E+02
 2.9765000E+02  2.084453E-11  2.042288E+02
 2.9770000E+02  2.080247E-11  2.042233E+02
 2.9775000E+02  2.077169E-11  2.042163E+02
 2.9780000E+02  2.084397E-11  2.042073E+02
 2.9785000E+02  2.076259E-11  2.042028E+02
 2.9790000E+02  2.077945E-11  2.041984E+02
 2.9795000E+02  2.075189E-11  2.041847E+02
 2.9800000E+02  2.071459E-11  2.041786E+02
 2.9805000E+02  2.070998E-11  2.041712E+02
 2.9810000E+02  2.066837E-11  2.041631E+02
 2.9815000E+02  2.059924E-11  2.041539E+02
 2.9820000E+02  2.058828E-11  2.041518E+02
 2.9825000E+02  2.058292E-11  2.041432E+02
 2.9830000E+02  2.057199E-11  2.041352E+02
 2.9835000E+02  2.059444E-11  2.041263E+02
 2.9840000E+02  2.062571E-11  2.041230E+02
 2.9845000E+02  2.061437E-11  2.041138E+02
 2.9850000E+02  2.062151E-11  2.041090E+02
 2.9855000E+02  2.062056E-11  2.041030E+02
 2.9860000E+02  2.060991E-11  2.040936E+02
 2.9865000E+02  2.061289E-11  2.040882E+02
 2.9870000E+02  2.058293E-11  2.040810E+02
 2.9875000E+02  2.060983E-11  2.040711E+02
 2.9880000E+02  2.063711E-11  2.040632E+02
 2.9885000E+02  2.067156E-11  2.040583E+02
 2.9890000E+02  2.073709E-11  2.040478E+02
 2.9895000E+02  2.081766E-11  2.040383E+02
 2.9900000E+02  2.086989E-11  2.040337E+02
 2.9905000E+02  2.088573E-11  2.040253E+02
 2.9910000E+02  2.092273E-11  2.040215E+02
 2.9915000E+02  2.091337E-11  2.040130E+02
 2.9920000E+02  2.090503E-11  2.040056E+02
 2.9925000E+02  2.091235E-11  2.040010E+02
 2.9930000E+02  2.095701E-11  2.039913E+02
 2.9935000E+02  2.098096E-11  2.039840E+02
 2.9940000E+02  2.100602E-11  2.039798E+02
 2.9945000E+02  2.103438E-11  2.039716E+02
 2.9950000E+02  2.100868E-11  2.039632E+02
 2.9955000E+02  2.105104E-11  2.039632E+02
 2.9960000E+02  2.108012E-11  2.039487E+02
 2.9965000E+02  2.111941E-11  2.039417E+02
 2.9970000E+02  2.109780E-11  2.039340E+02
 2.9975000E+02  2.110535E-11  2.039286E+02
 2.9980000E+02  2.109680E-11  2.039212E+02
 2.9985000E+02  2.117077E-11  2.039183E+02
 2.9990000E+02  2.117478E-11  2.039087E+02
 2.9995000E+02  2.115979E-11  2.039056E+02
 3.0000000E+02  2.117012E-11  2.038957E+02
 3.0005000E+02  2.120018E-11  2.038870E+02
 3.0010000E+02  2.120443E-11  2.038822E+02
 3.0015000E+02  2.116265E-11  2.038746E+02
 3.0020000E+02  2.123491E-11  2.038674E+02
 3.0025000E+02  2.118100E-11  2.038636E+02
 3.0030000E+02  2.120598E-11  2.038482E+02
 3.0035000E+02  2.119257E-11  2.038401E+02
 3.0040000E+02  2.126970E-11  2.038377E+02
 3.0045000E+02  2.128941E-11  2.038276E+02
 3.0050000E+02  2.125636E-11  2.038221E+02
 3.0055000E+02  2.127285E-11  2.038161E+02
 3.0060000E+02  2.131868E-11  2.038065E+02
 3.0065000E+02  2.133027E-11  2.038037E+02
 3.0070000E+02  2.135290E-11  2.037953E+02
 3.0075000E+02  2.134502E-11  2.037909E+02
 3.0080000E+02  2.139081E-11  2.037834E+02
 3.0085000E+02  2.143307E-11  2.037748E+02
 3.0090000E+02  2.141809E-11  2.037646E+02
 3.0095000E+02  2.146607E-11  2.037602E+02
 3.0100000E+02  2.149582E-11  2.037517E+02
 3.0105000E+02  2.153268E-11  2.037440E+02
 3.0110000E+02  2.160352E-11  2.037388E+02
 3.0115000E+02  2.168756E-11  2.037326E+02
 3.0120000E+02  2.168595E-11  2.037238E+02
 3.0125000E+02  2.175135E-11  2.037139E+02
 3.0130000E+02  2.181100E-11  2.037061E+02
 3.0135000E+02  2.184736E-11  2.036988E+02
 3.0140000E+02  2.187765E-11  2.036944E+02
 3.0145000E+02  2.191203E-11  2.036870E+02
 3.0150000E+02  2.197554E-11  2.036827E+02
 3.0155000E+02  2.205038E-11  2.036746E+02
 3.0160000E+02  2.209919E-11  2.036705E+02
 3.0165000E+02  2.220650E-11  2.036561E+02
 3.0170000E+02  2.228947E-11  2.036532E+02
 3.0175000E+02  2.238495E-11  2.036456E+02
 3.0180000E+02  2.242736E-11  2.036361E+02
 3.0185000E+02  2.251144E-11  2.036327E+02
 3.0190000E+02  2.256721E-11  2.036233E+02
 3.0195000E+02  2.259010E-11  2.036146E+02
 3.0200000E+02  2.268601E-11  2.036093E+02
 3.0205000E+02  2.276869E-11  2.036032E+02
 3.0210000E+02  2.283601E-11  2.035985E+02
 3.0215000E+02  2.289006E-11  2.035898E+02
 3.0220000E+02  2.296630E-11  2.035816E+02
 3.0225000E+02  2.302230E-11  2.035778E+02
 3.0230000E+02  2.304435E-11  2.035648E+02
 3.0235000E+02  2.310008E-11  2.035591E+02
 3.0240000E+02  2.312656E-11  2.035497E+02
 3.0245000E+02  2.313016E-11  2.035449E+02
 3.0250000E+02  2.315335E-11  2.035358E+02
 3.0255000E+02  2.319810E-11  2.035326E+02
 3.0260000E+02  2.318485E-11  2.035244E+02
 3.0265000E+02  2.318254E-11  2.035146E+02
 3.0270000E+02  2.319979E-11  2.035109E+02
 3.0275000E+02  2.322303E-11  2.035016E+02
 3.0280000E+02  2.318125E-11  2.034949E+02
 3.0285000E+02  2.319676E-11  2.034891E+02
 3.0290000E+02  2.313464E-11  2.034818E+02
 3.0295000E+02  2.313849E-11  2.034746E+02
 3.0300000E+02  2.309807E-11  2.034712E+02
 3.0305000E+02  2.304282E-11  2.034611E+02
 3.0310000E+02  2.295585E-11  2.034542E+02
 3.0315000E+02  2.286379E-11  2.034458E+02
 3.0320000E+02  2.285636E-11  2.034364E+02
 3.0325000E+02  2.282433E-11  2.034321E+02
 3.0330000E+02  2.279988E-11  2.034241E+02
 3.0335000E+02  2.274942E-11  2.034160E+02
 3.0340000E+02  2.276621E-11  2.034115E+02
 3.0345000E+02  2.273252E-11  2.034034E+02
 3.0350000E+02  2.273350E-11  2.033946E+02
 3.0355000E+02  2.264268E-11  2.033912E+02
 3.0360000E+02  2.264095E-11  2.033821E+02
 3.0365000E+02  2.261160E-11  2.033736E+02
 3.0370000E+02  2.256443E-11  2.033688E+02
 3.0375000E+02  2.252919E-11  2.033615E+02
 3.0380000E+02  2.247079E-11  2.033557E+02
 3.0385000E+02  2.245102E-11  2.033483E+02
 3.0390000E+02  2.244169E-11  2.033392E+02
 3.0395000E+02  2.236469E-11  2.033279E+02
 3.0400000E+02  2.237059E-11  2.033203E+02
 3.0405000E+02  2.232279E-11  2.033132E+02
 3.0410000E+02  2.229748E-11  2.033086E+02
 3.0415000E+02  2.223593E-11  2.033012E+02
 3.0420000E+02  2.216222E-11  2.032960E+02
 3.0425000E+02  2.217315E-11  2.032900E+02
 3.0430000E+02  2.214272E-11  2.032796E+02
 3.0435000E+02  2.212657E-11  2.032708E+02
 3.0440000E+02  2.214274E-11  2.032680E+02
 3.0445000E+02  2.210303E-11  2.032613E+02
 3.0450000E+02  2.210047E-11  2.032506E+02
 3.0455000E+02  2.214779E-11  2.032463E+02
 3.0460000E+02  2.217204E-11  2.032391E+02
 3.0465000E+02  2.217462E-11  2.032306E+02
 3.0470000E+02  2.219395E-11  2.032249E+02
 3.0475000E+02  2.221761E-11  2.032182E+02
 3.0480000E+02  2.226226E-11  2.032093E+02
 3.0485000E+02  2.226128E-11  2.032051E+02
 3.0490000E+02  2.230501E-11  2.031924E+02
 3.0495000E+02  2.231026E-11  2.031840E+02
 3.0500000E+02  2.234370E-11  2.031759E+02
 3.0505000E+02  2.234088E-11  2.031693E+02
 3.0510000E+02  2.238117E-11  2.031640E+02
 3.0515000E+02  2.244598E-11  2.031559E+02
 3.0520000E+02  2.247033E-11  2.031521E+02
 3.0525000E+02  2.255598E-11  2.031423E+02
 3.0530000E+02  2.257519E-11  2.031395E+02
 3.0535000E+02  2.262750E-11  2.031312E+02
 3.0540000E+02  2.261986E-11  2.031207E+02
 3.0545000E+02  2.263883E-11  2.031126E+02
 3.0550000E+02  2.261064E-11  2.031084E+02
 3.0555000E+02  2.267299E-11  2.031013E+02
 3.0560000E+02  2.272794E-11  2.030914E+02
 3.0565000E+02  2.277952E-11  2.030881E+02
 3.0570000E+02  2.286701E-11  2.030762E+02
 3.0575000E+02  2.291991E-11  2.030681E+02
 3.0580000E+02  2.295251E-11  2.030640E+02
 3.0585000E+02  2.296663E-11  2.030558E+02
 3.0590000E+02  2.302824E-11  2.030523E+02
 3.0595000E+02  2.303106E-11  2.030435E+02
 3.0600000E+02  2.308588E-11  2.030347E+02
 3.0605000E+02  2.311428E-11  2.030315E+02
 3.0610000E+02  2.311050E-11  2.030237E+02
 3.0615000E+02  2.321176E-11  2.030142E+02
 3.0620000E+02  2.321772E-11  2.030093E+02
 3.0625000E+02  2.323147E-11  2.030021E+02
 3.0630000E+02  2.325557E-11  2.029961E+02
 3.0635000E+02  2.330132E-11  2.029904E+02
 3.0640000E+02  2.331741E-11  2.029798E+02
 3.0645000E+02  2.334039E-11  2.029760E+02
 3.0650000E+02  2.336123E-11  2.029686E+02
 3.0655000E+02  2.341383E-11  2.029644E+02
 3.0660000E+02  2.341149E-11  2.029535E+02
 3.0665000E+02  2.335311E-11  2.029474E+02
 3.0670000E+02  2.337218E-11  2.029399E+02
 3.0675000E+02  2.332812E-11  2.029349E+02
 3.0680000E+02  2.329364E-11  2.029270E+02
 3.0685000E+02  2.328948E-11  2.029215E+02
 3.0690000E+02  2.325426E-11  2.029101E+02
 3.0695000E+02  2.329563E-11  2.029029E+02
 3.0700000E+02  2.322544E-11  2.028979E+02
 3.0705000E+02  2.317978E-11  2.028889E+02
 3.0710000E+02  2.316785E-11  2.028822E+02
 3.0715000E+02  2.314177E-11  2.028780E+02
 3.0720000E+02  2.313138E-11  2.028691E+02
 3.0725000E+02  2.302073E-11  2.028658E+02
 3.0730000E+02  2.297756E-11  2.028564E+02
 3.0735000E+02  2.289693E-11  2.028481E+02
 3.0740000E+02  2.284809E-11  2.028431E+02
 3.0745000E+02  2.275873E-11  2.028339E+02
 3.0750000E+02  2.277397E-11  2.028311E+02
 3.0755000E+02  2.269726E-11  2.028240E+02
 3.0760000E+02  2.267630E-11  2.028155E+02
 3.0765000E+02  2.262694E-11  2.028064E+02
 3.0770000E+02  2.256458E-11  2.028013E+02
 3.0775000E+02  2.243586E-11  2.027906E+02
 3.0780000E+02  2.238823E-11  2.027866E+02
 3.0785000E+02  2.232548E-11  2.027793E+02
 3.0790000E+02  2.219904E-11  2.027696E+02
 3.0795000E+02  2.216052E-11  2.027641E+02
 3.0800000E+02  2.209098E-11  2.027575E+02
 3.0805000E+02  2.202318E-11  2.027478E+02
 3.0810000E+02  2.192504E-11  2.027379E+02
 3.0815000E+02  2.190680E-11  2.027345E+02
 3.0820000E+02  2.179440E-11  2.027289E+02
 3.0825000E+02  2.171100E-11  2.027202E+02
 3.0830000E+02  2.158931E-11  2.027149E+02
 3.0835000E+02  2.147396E-11  2.027084E+02
 3.0840000E+02  2.139777E-11  2.027024E+02
 3.0845000E+02  2.129064E-11  2.026960E+02
 3.0850000E+02  2.122229E-11  2.026876E+02
 3.0855000E+02  2.112165E-11  2.026848E+02
 3.0860000E+02  2.107097E-11  2.026736E+02
 3.0865000E+02  2.098440E-11  2.026654E+02
 3.0870000E+02  2.089807E-11  2.026613E+02
 3.0875000E+02  2.083740E-11  2.026534E+02
 3.0880000E+02  2.070117E-11  2.026456E+02
 3.0885000E+02  2.063376E-11  2.026405E+02
 3.0890000E+02  2.054123E-11  2.026291E+02
 3.0895000E+02  2.037717E-11  2.026253E+02
 3.0900000E+02  2.029350E-11  2.026160E+02
 3.0905000E+02  2.020428E-11  2.026105E+02
 3.0910000E+02  2.010625E-11  2.026045E+02
 3.0915000E+02  2.003791E-11  2.025968E+02
 3.0920000E+02  1.994990E-11  2.025915E+02
 3.0925000E+02  1.988736E-11  2.025704E+02
 3.0930000E+02  1.980315E-11  2.025645E+02
 3.0935000E+02  1.971051E-11  2.025578E+02
 3.0940000E+02  1.954981E-11  2.025533E+02
 3.0945000E+02  1.946065E-11  2.025457E+02
 3.0950000E+02  1.934817E-11  2.025411E+02
 3.0955000E+02  1.924419E-11  2.025317E+02
 3.0960000E+02  1.917207E-11  2.025239E+02
 3.0965000E+02  1.910838E-11  2.025207E+02
 3.0970000E+02  1.908409E-11  2.025115E+02
 3.0975000E+02  1.896175E-11  2.025062E+02
 3.0980000E+02  1.885109E-11  2.024951E+02
 3.0985000E+02  1.879136E-11  2.024869E+02
 3.0990000E+02  1.862582E-11  2.024823E+02
 3.0995000E+02  1.853226E-11  2.024751E+02
 3.1000000E+02  1.841658E-11  2.024704E+02
 3.1005000E+02  1.832218E-11  2.024616E+02
 3.1010000E+02  1.824276E-11  2.024588E+02
 3.1015000E+02  1.817114E-11  2.024499E+02
 3.1020000E+02  1.808710E-11  2.024413E+02
 3.1025000E+02  1.800783E-11  2.024388E+02
 3.1030000E+02  1.790868E-11  2.024311E+02
 3.1035000E+02  1.783567E-11  2.024242E+02
 3.1040000E+02  1.772558E-11  2.024175E+02
 3.1045000E+02  1.760046E-11  2.024118E+02
 3.1050000E+02  1.744794E-11  2.024057E+02
 3.1055000E+02  1.735999E-11  2.024014E+02
 3.1060000E+02  1.724845E-11  2.023926E+02
 3.1065000E+02  1.716240E-11  2.023838E+02
 3.1070000E+02  1.708930E-11  2.023760E+02
 3.1075000E+02  1.700031E-11  2.023683E+02
 3.1080000E+02  1.696383E-11  2.023598E+02
 3.1085000E+02  1.686484E-11  2.023568E+02
 3.1090000E+02  1.677083E-11  2.023463E+02
 3.1095000E+02  1.667796E-11  2.023431E+02
 3.1100000E+02  1.657469E-11  2.023358E+02
 3.1105000E+02  1.646828E-11  2.023304E+02
 3.1110000E+02  1.640029E-11  2.023221E+02
 3.1115000E+02  1.626046E-11  2.023142E+02
 3.1120000E+02  1.617040E-11  2.023111E+02
 3.1125000E+02  1.609788E-11  2.023029E+02
 3.1130000E+02  1.606703E-11  2.022938E+02
 3.1135000E+02  1.602100E-11  2.022898E+02
 3.1140000E+02  1.596171E-11  2.022824E+02
 3.1145000E+02  1.587685E-11  2.022779E+02
 3.1150000E+02  1.580028E-11  2.022676E+02
 3.1155000E+02  1.568356E-11  2.022610E+02
 3.1160000E+02  1.563336E-11  2.022531E+02
 3.1165000E+02  1.552399E-11  2.022437E+02
 3.1170000E+02  1.548753E-11  2.022354E+02
 3.1175000E+02  1.547638E-11  2.022268E+02
 3.1180000E+02  1.545012E-11  2.022223E+02
 3.1185000E+02  1.544585E-11  2.022169E+02
 3.1190000E+02  1.536464E-11  2.022062E+02
 3.1195000E+02  1.534757E-11  2.022034E+02
 3.1200000E+02  1.529481E-11  2.021951E+02
 3.1205000E+02  1.523227E-11  2.021909E+02
 3.1210000E+02  1.521142E-11  2.021814E+02
 3.1215000E+02  1.515144E-11  2.021790E+02
 3.1220000E+02  1.511487E-11  2.021695E+02
 3.1225000E+02  1.511107E-11  2.021612E+02
 3.1230000E+02  1.507077E-11  2.021525E+02
 3.1235000E+02  1.504435E-11  2.021492E+02
 3.1240000E+02  1.508839E-11  2.021415E+02
 3.1245000E+02  1.506412E-11  2.021317E+02
 3.1250000E+02  1.500988E-11  2.021282E+02
 3.1255000E+02  1.498542E-11  2.021148E+02
 3.1260000E+02  1.494366E-11  2.021115E+02
 3.1265000E+02  1.494600E-11  2.021013E+02
 3.1270000E+02  1.491183E-11  2.020980E+02
 3.1275000E+02  1.491071E-11  2.020901E+02
 3.1280000E+02  1.490858E-11  2.020864E+02
 3.1285000E+02  1.491623E-11  2.020776E+02
 3.1290000E+02  1.491676E-11  2.020696E+02
 3.1295000E+02  1.492604E-11  2.020607E+02
 3.1300000E+02  1.492437E-11  2.020565E+02
 3.1305000E+02  1.493764E-11  2.020485E+02
 3.1310000E+02  1.491209E-11  2.020438E+02
 3.1315000E+02  1.490692E-11  2.020359E+02
 3.1320000E+02  1.493027E-11  2.020331E+02
 3.1325000E+02  1.487724E-11  2.020232E+02
 3.1330000E+02  1.486186E-11  2.020208E+02
 3.1335000E+02  1.481624E-11  2.020118E+02
 3.1340000E+02  1.484881E-11  2.020053E+02
 3.1345000E+02  1.488585E-11  2.019933E+02
 3.1350000E+02  1.490034E-11  2.019889E+02
 3.1355000E+02  1.486282E-11  2.019815E+02
 3.1360000E+02  1.485177E-11  2.019737E+02
 3.1365000E+02  1.487069E-11  2.019673E+02
 3.1370000E+02  1.487047E-11  2.019632E+02
 3.1375000E+02  1.487196E-11  2.019551E+02
 3.1380000E+02  1.487967E-11  2.019513E+02
 3.1385000E+02  1.490221E-11  2.019384E+02
 3.1390000E+02  1.489591E-11  2.019315E+02
 3.1395000E+02  1.492972E-11  2.019255E+02
 3.1400000E+02  1.490416E-11  2.019175E+02
 3.1405000E+02  1.491989E-11  2.019095E+02
 3.1410000E+02  1.490665E-11  2.019056E+02
 3.1415000E+02  1.488073E-11  2.018971E+02
 3.1420000E+02  1.488994E-11  2.018924E+02
 3.1425000E+02  1.488402E-11  2.018859E+02
 3.1430000E+02  1.487446E-11  2.018781E+02
 3.1435000E+02  1.491828E-11  2.018743E+02
 3.1440000E+02  1.486711E-11  2.018650E+02
 3.1445000E+02  1.492501E-11  2.018566E+02
 3.1450000E+02  1.487275E-11  2.018491E+02
 3.1455000E+02  1.493884E-11  2.018415E+02
 3.1460000E+02  1.489124E-11  2.018322E+02
 3.1465000E+02  1.491761E-11  2.018281E+02
 3.1470000E+02  1.489481E-11  2.018155E+02
 3.1475000E+02  1.488635E-11  2.018118E+02
 3.1480000E+02  1.485450E-11  2.018018E+02
 3.1485000E+02  1.485951E-11  2.017960E+02
 3.1490000E+02  1.483540E-11  2.017916E+02
 3.1495000E+02  1.488835E-11  2.017833E+02
 3.1500000E+02  1.491405E-11  2.017758E+02
 3.1505000E+02  1.490990E-11  2.017664E+02
 3.1510000E+02  1.493485E-11  2.017575E+02
 3.1515000E+02  1.493143E-11  2.017511E+02
 3.1520000E+02  1.493317E-11  2.017456E+02
 3.1525000E+02  1.492151E-11  2.017376E+02
 3.1530000E+02  1.491883E-11  2.017339E+02
 3.1535000E+02  1.485846E-11  2.017238E+02
 3.1540000E+02  1.491470E-11  2.017204E+02
 3.1545000E+02  1.492804E-11  2.017086E+02
 3.1550000E+02  1.488950E-11  2.017057E+02
 3.1555000E+02  1.489611E-11  2.016966E+02
 3.1560000E+02  1.490507E-11  2.016893E+02
 3.1565000E+02  1.487146E-11  2.016804E+02
 3.1570000E+02  1.489216E-11  2.016754E+02
 3.1575000E+02  1.484979E-11  2.016678E+02
 3.1580000E+02  1.487930E-11  2.016639E+02
 3.1585000E+02  1.482289E-11  2.016553E+02
 3.1590000E+02  1.484617E-11  2.016522E+02
 3.1595000E+02  1.483032E-11  2.016427E+02
 3.1600000E+02  1.483568E-11  2.016336E+02
 3.1605000E+02  1.481593E-11  2.016307E+02
 3.1610000E+02  1.485367E-11  2.016234E+02
 3.1615000E+02  1.484198E-11  2.016139E+02
 3.1620000E+02  1.481963E-11  2.016056E+02
 3.1625000E+02  1.485173E-11  2.016021E+02
 3.1630000E+02  1.481976E-11  2.015889E+02
 3.1635000E+02  1.480701E-11  2.015812E+02
 3.1640000E+02  1.482267E-11  2.015765E+02
 3.1645000E+02  1.478248E-11  2.015681E+02
 3.1650000E+02  1.476942E-11  2.015648E+02
 3.1655000E+02  1.473233E-11  2.015562E+02
 3.1660000E+02  1.474480E-11  2.015472E+02
 3.1665000E+02  1.471349E-11  2.015393E+02
 3.1670000E+02  1.472301E-11  2.015356E+02
 3.1675000E+02  1.463731E-11  2.015278E+02
 3.1680000E+02  1.468851E-11  2.015180E+02
 3.1685000E+02  1.466745E-11  2.015143E+02
 3.1690000E+02  1.462201E-11  2.015064E+02
 3.1695000E+02  1.464145E-11  2.015027E+02
 3.1700000E+02  1.466489E-11  2.014945E+02
 3.1705000E+02  1.463489E-11  2.014905E+02
 3.1710000E+02  1.462495E-11  2.014825E+02
 3.1715000E+02  1.465320E-11  2.014745E+02
 3.1720000E+02  1.467755E-11  2.014659E+02
 3.1725000E+02  1.467587E-11  2.014623E+02
 3.1730000E+02  1.469164E-11  2.014543E+02
 3.1735000E+02  1.465582E-11  2.014448E+02
 3.1740000E+02  1.464998E-11  2.014425E+02
 3.1745000E+02  1.461858E-11  2.014345E+02
 3.1750000E+02  1.465725E-11  2.014239E+02
 3.1755000E+02  1.458955E-11  2.014149E+02
 3.1760000E+02  1.460999E-11  2.014118E+02
 3.1765000E+02  1.463869E-11  2.014020E+02
 3.1770000E+02  1.467638E-11  2.013992E+02
 3.1775000E+02  1.466144E-11  2.013903E+02
 3.1780000E+02  1.469524E-11  2.013832E+02
 3.1785000E+02  1.467820E-11  2.013799E+02
 3.1790000E+02  1.467955E-11  2.013716E+02
 3.1795000E+02  1.464480E-11  2.013667E+02
 3.1800000E+02  1.463598E-11  2.013603E+02
 3.1805000E+02  1.466476E-11  2.013568E+02
 3.1810000E+02  1.466351E-11  2.013478E+02
 3.1815000E+02  1.464520E-11  2.013429E+02
 3.1820000E+02  1.466448E-11  2.013340E+02
 3.1825000E+02  1.465838E-11  2.013251E+02
 3.1830000E+02  1.469101E-11  2.013197E+02
 3.1835000E+02  1.467571E-11  2.013098E+02
 3.1840000E+02  1.469847E-11  2.013015E+02
 3.1845000E+02  1.475152E-11  2.012977E+02
 3.1850000E+02  1.471662E-11  2.012880E+02
 3.1855000E+02  1.472828E-11  2.012834E+02
 3.1860000E+02  1.472838E-11  2.012763E+02
 3.1865000E+02  1.480398E-11  2.012726E+02
 3.1870000E+02  1.481180E-11  2.012663E+02
 3.1875000E+02  1.482277E-11  2.012617E+02
 3.1880000E+02  1.485301E-11  2.012536E+02
 3.1885000E+02  1.486091E-11  2.012448E+02
 3.1890000E+02  1.486588E-11  2.012388E+02
 3.1895000E+02  1.486995E-11  2.012319E+02
 3.1900000E+02  1.483710E-11  2.012232E+02
 3.1905000E+02  1.485714E-11  2.012194E+02
 3.1910000E+02  1.486769E-11  2.012116E+02
 3.1915000E+02  1.490076E-11  2.012028E+02
 3.1920000E+02  1.490730E-11  2.011977E+02
 3.1925000E+02  1.496190E-11  2.011890E+02
 3.1930000E+02  1.500376E-11  2.011866E+02
 3.1935000E+02  1.497031E-11  2.011776E+02
 3.1940000E+02  1.499018E-11  2.011748E+02
 3.1945000E+02  1.496881E-11  2.011663E+02
 3.1950000E+02  1.497640E-11  2.011614E+02
 3.1955000E+02  1.498950E-11  2.011529E+02
 3.1960000E+02  1.500970E-11  2.011452E+02
 3.1965000E+02  1.504786E-11  2.011411E+02
 3.1970000E+02  1.511519E-11  2.011339E+02
 3.1975000E+02  1.509261E-11  2.011240E+02
 3.1980000E+02  1.508005E-11  2.011172E+02
 3.1985000E+02  1.511207E-11  2.011109E+02
 3.1990000E+02  1.515073E-11  2.011034E+02
 3.1995000E+02  1.516090E-11  2.011018E+02
 3.2000000E+02  1.518038E-11  2.010920E+02
END
