
 2.8000000E+02  1.851277E-12  1.678233E+02
 2.8005000E+02  1.848035E-12  1.678144E+02
 2.8010000E+02  1.818797E-12  1.678087E+02
 2.8015000E+02  1.827375E-12  1.678033E+02
 2.8020000E+02  1.800479E-12  1.678005E+02
 2.8025000E+02  1.856867E-12  1.677933E+02
 2.8030000E+02  1.840782E-12  1.677890E+02
 2.8035000E+02  1.835989E-12  1.677847E+02
 2.8040000E+02  1.889067E-12  1.677810E+02
 2.8045000E+02  1.879210E-12  1.677737E+02
 2.8050000E+02  1.881479E-12  1.677688E+02
 2.8055000E+02  1.909060E-12  1.677654E+02
 2.8060000E+02  1.859230E-12  1.677588E+02
 2.8065000E+02  1.906326E-12  1.677539E+02
 2.8070000E+02  1.794314E-12  1.677484E+02
 2.8075000E+02  1.898523E-12  1.677405E+02
 2.8080000E+02  1.800114E-12  1.677359E+02
 2.8085000E+02  1.826287E-12  1.677337E+02
 2.8090000E+02  1.760134E-12  1.677274E+02
 2.8095000E+02  1.829584E-12  1.677249E+02
 2.8100000E+02  1.842612E-12  1.677180E+02
 2.8105000E+02  1.871775E-12  1.677128E+02
 2.8110000E+02  1.834571E-12  1.677074E+02
 2.8115000E+02  1.884964E-12  1.677039E+02
 2.8120000E+02  1.873470E-12  1.676999E+02
 2.8125000E+02  1.878271E-12  1.676927E+02
 2.8130000E+02  1.869938E-12  1.676894E+02
 2.8135000E+02  1.881314E-12  1.676842E+02
 2.8140000E+02  1.844916E-12  1.676783E+02
 2.8145000E+02  1.852563E-12  1.676766E+02
 2.8150000E+02  1.921837E-12  1.676671E+02
 2.8155000E+02  1.889186E-12  1.676614E+02
 2.8160000E+02  1.909911E-12  1.676586E+02
 2.8165000E+02  1.918079E-12  1.676541E+02
 2.8170000E+02  1.930306E-12  1.676459E+02
 2.8175000E+02  1.928677E-12  1.676442E+02
 2.8180000E+02  1.899943E-12  1.676383E+02
 2.8185000E+02  1.952249E-12  1.676322E+02
 2.8190000E+02  1.885297E-12  1.676300E+02
 2.8195000E+02  1.922162E-12  1.676217E+02
 2.8200000E+02  1.942423E-12  1.676189E+02
 2.8205000E+02  1.920223E-12  1.676135E+02
 2.8210000E+02  1.931376E-12  1.676078E+02
 2.8215000E+02  1.965171E-12  1.676054E+02
 2.8220000E+02  2.038297E-12  1.675988E+02
 2.8225000E+02  2.073263E-12  1.675959E+02
 2.8230000E+02  2.039787E-12  1.675882E+02
 2.8235000E+02  2.034563E-12  1.675827E+02
 2.8240000E+02  2.009505E-12  1.675787E+02
 2.8245000E+02  2.028752E-12  1.675745E+02
 2.8250000E+02  2.091766E-12  1.675690E+02
 2.8255000E+02  2.098775E-12  1.675650E+02
 2.8260000E+02  2.123571E-12  1.675570E+02
 2.8265000E+02  2.142470E-12  1.675554E+02
 2.8270000E+02  2.281509E-12  1.675482E+02
 2.8275000E+02  2.296185E-12  1.675435E+02
 2.8280000E+02  2.272774E-12  1.675410E+02
 2.8285000E+02  2.290962E-12  1.675345E+02
 2.8290000E+02  2.366372E-12  1.675284E+02
 2.8295000E+02  2.526094E-12  1.675261E+02
 2.8300000E+02  2.548917E-12  1.675194E+02
 2.8305000E+02  2.719021E-12  1.675128E+02
 2.8310000E+02  2.797748E-12  1.675107E+02
 2.8315000E+02  2.995348E-12  1.675060E+02
 2.8320000E+02  3.249941E-12  1.674994E+02
 2.8325000E+02  3.679197E-12  1.674970E+02
 2.8330000E+02  4.193540E-12  1.674895E+02
 2.8335000E+02  4.740065E-12  1.674845E+02
 2.8340000E+02  5.639429E-12  1.674777E+02
 2.8345000E+02  6.600639E-12  1.674700E+02
 2.8350000E+02  8.162143E-12  1.674682E+02
 2.8355000E+02  1.036222E-11  1.674622E+02
 2.8360000E+02  1.333273E-11  1.674555E+02
 2.8365000E+02  1.653675E-11  1.674524E+02
 2.8370000E+02  1.990519E-11  1.674491E+02
 2.8375000E+02  2.318564E-11  1.674429E+02
 2.8380000E+02  2.513285E-11  1.674264E+02
 2.8385000E+02  2.782589E-11  1.674200E+02
 2.8390000E+02  3.139403E-11  1.674183E+02
 2.8395000E+02  3.577644E-11  1.674128E+02
 2.8400000E+02  4.163270E-11  1.674072E+02
 2.8405000E+02  4.751352E-11  1.674050E+02
 2.8410000E+02  5.204263E-11  1.673984E+02
 2.8415000E+02  5.527730E-11  1.673972E+02
 2.8420000E+02  5.736031E-11  1.673874E+02
 2.8425000E+02  5.861642E-11  1.673823E+02
 2.8430000E+02  5.981471E-11  1.673754E+02
 2.8435000E+02  6.086748E-11  1.673699E+02
 2.8440000E+02  6.188398E-11  1.673639E+02
 2.8445000E+02  6.288110E-11  1.673618E+02
 2.8450000E+02  6.336984E-11  1.673554E+02
 2.8455000E+02  6.325057E-11  1.673526E+02
 2.8460000E+02  6.254736E-11  1.673472E+02
 2.8465000E+02  6.150593E-11  1.673403E+02
 2.8470000E+02  6.042390E-11  1.673354E+02
 2.8475000E+02  5.902722E-11  1.673289E+02
 2.8480000E+02  5.671783E-11  1.673263E+02
 2.8485000E+02  5.409554E-11  1.673197E+02
 2.8490000E+02  5.033251E-11  1.673128E+02
 2.8495000E+02  4.560604E-11  1.673119E+02
 2.8500000E+02  4.054315E-11  1.673032E+02
 2.8505000E+02  3.677407E-11  1.673009E+02
 2.8510000E+02  3.387263E-11  1.672939E+02
 2.8515000E+02  3.195626E-11  1.672883E+02
 2.8520000E+02  3.097248E-11  1.672829E+02
 2.8525000E+02  3.019014E-11  1.672777E+02
 2.8530000E+02  2.988737E-11  1.672742E+02
 2.8535000E+02  2.950544E-11  1.672688E+02
 2.8540000E+02  2.920161E-11  1.672664E+02
 2.8545000E+02  2.881958E-11  1.672607E+02
 2.8550000E+02  2.849577E-11  1.672536E+02
 2.8555000E+02  2.822613E-11  1.672513E+02
 2.8560000E+02  2.802901E-11  1.672461E+02
 2.8565000E+02  2.784625E-11  1.672398E+02
 2.8570000E+02  2.771153E-11  1.672350E+02
 2.8575000E+02  2.751280E-11  1.672292E+02
 2.8580000E+02  2.736890E-11  1.672260E+02
 2.8585000E+02  2.727255E-11  1.672189E+02
 2.8590000E+02  2.722645E-11  1.672112E+02
 2.8595000E+02  2.722859E-11  1.672087E+02
 2.8600000E+02  2.735719E-11  1.672038E+02
 2.8605000E+02  2.732680E-11  1.671967E+02
 2.8610000E+02  2.735884E-11  1.671918E+02
 2.8615000E+02  2.735799E-11  1.671852E+02
 2.8620000E+02  2.730636E-11  1.671797E+02
 2.8625000E+02  2.730186E-11  1.671768E+02
 2.8630000E+02  2.734466E-11  1.671702E+02
 2.8635000E+02  2.739462E-11  1.671649E+02
 2.8640000E+02  2.741980E-11  1.671626E+02
 2.8645000E+02  2.744489E-11  1.671557E+02
 2.8650000E+02  2.750227E-11  1.671510E+02
 2.8655000E+02  2.754906E-11  1.671451E+02
 2.8660000E+02  2.749509E-11  1.671418E+02
 2.8665000E+02  2.744154E-11  1.671353E+02
 2.8670000E+02  2.747275E-11  1.671302E+02
 2.8675000E+02  2.743526E-11  1.671227E+02
 2.8680000E+02  2.746766E-11  1.671201E+02
 2.8685000E+02  2.745797E-11  1.671146E+02
 2.8690000E+02  2.740246E-11  1.671070E+02
 2.8695000E+02  2.732194E-11  1.671037E+02
 2.8700000E+02  2.732590E-11  1.670992E+02
 2.8705000E+02  2.731632E-11  1.670936E+02
 2.8710000E+02  2.731442E-11  1.670903E+02
 2.8715000E+02  2.729770E-11  1.670862E+02
 2.8720000E+02  2.725694E-11  1.670807E+02
 2.8725000E+02  2.720977E-11  1.670775E+02
 2.8730000E+02  2.725241E-11  1.670708E+02
 2.8735000E+02  2.731575E-11  1.670667E+02
 2.8740000E+02  2.736138E-11  1.670648E+02
 2.8745000E+02  2.740431E-11  1.670567E+02
 2.8750000E+02  2.736148E-11  1.670517E+02
 2.8755000E+02  2.737051E-11  1.670475E+02
 2.8760000E+02  2.740037E-11  1.670422E+02
 2.8765000E+02  2.727952E-11  1.670341E+02
 2.8770000E+02  2.725119E-11  1.670303E+02
 2.8775000E+02  2.722153E-11  1.670250E+02
 2.8780000E+02  2.709977E-11  1.670193E+02
 2.8785000E+02  2.707124E-11  1.670162E+02
 2.8790000E+02  2.700164E-11  1.670092E+02
 2.8795000E+02  2.696125E-11  1.670042E+02
 2.8800000E+02  2.698522E-11  1.669991E+02
 2.8805000E+02  2.696992E-11  1.669967E+02
 2.8810000E+02  2.693721E-11  1.669918E+02
 2.8815000E+02  2.693081E-11  1.669857E+02
 2.8820000E+02  2.684566E-11  1.669810E+02
 2.8825000E+02  2.673340E-11  1.669750E+02
 2.8830000E+02  2.669852E-11  1.669684E+02
 2.8835000E+02  2.657032E-11  1.669662E+02
 2.8840000E+02  2.650375E-11  1.669610E+02
 2.8845000E+02  2.639157E-11  1.669546E+02
 2.8850000E+02  2.626010E-11  1.669500E+02
 2.8855000E+02  2.623226E-11  1.669433E+02
 2.8860000E+02  2.619406E-11  1.669385E+02
 2.8865000E+02  2.611193E-11  1.669358E+02
 2.8870000E+02  2.593686E-11  1.669300E+02
 2.8875000E+02  2.590637E-11  1.669233E+02
 2.8880000E+02  2.572080E-11  1.669217E+02
 2.8885000E+02  2.563304E-11  1.669159E+02
 2.8890000E+02  2.558885E-11  1.669106E+02
 2.8895000E+02  2.550728E-11  1.669051E+02
 2.8900000E+02  2.544449E-11  1.669020E+02
 2.8905000E+02  2.525399E-11  1.668964E+02
 2.8910000E+02  2.506680E-11  1.668904E+02
 2.8915000E+02  2.477131E-11  1.668877E+02
 2.8920000E+02  2.430109E-11  1.668823E+02
 2.8925000E+02  2.374766E-11  1.668785E+02
 2.8930000E+02  2.328260E-11  1.668685E+02
 2.8935000E+02  2.310809E-11  1.668628E+02
 2.8940000E+02  2.302369E-11  1.668601E+02
 2.8945000E+02  2.307274E-11  1.668555E+02
 2.8950000E+02  2.325726E-11  1.668494E+02
 2.8955000E+02  2.345000E-11  1.668458E+02
 2.8960000E+02  2.368563E-11  1.668382E+02
 2.8965000E+02  2.390004E-11  1.668343E+02
 2.8970000E+02  2.437319E-11  1.668299E+02
 2.8975000E+02  2.471303E-11  1.668245E+02
 2.8980000E+02  2.497710E-11  1.668226E+02
 2.8985000E+02  2.511868E-11  1.668144E+02
 2.8990000E+02  2.536003E-11  1.668094E+02
 2.8995000E+02  2.546405E-11  1.668065E+02
 2.9000000E+02  2.550059E-11  1.668001E+02
 2.9005000E+02  2.563166E-11  1.667938E+02
 2.9010000E+02  2.586047E-11  1.667917E+02
 2.9015000E+02  2.621509E-11  1.667851E+02
 2.9020000E+02  2.670056E-11  1.667788E+02
 2.9025000E+02  2.747218E-11  1.667763E+02
 2.9030000E+02  2.821262E-11  1.667715E+02
 2.9035000E+02  2.890675E-11  1.667686E+02
 2.9040000E+02  2.968533E-11  1.667626E+02
 2.9045000E+02  3.036277E-11  1.667568E+02
 2.9050000E+02  3.126557E-11  1.667498E+02
 2.9055000E+02  3.256052E-11  1.667449E+02
 2.9060000E+02  3.396583E-11  1.667406E+02
 2.9065000E+02  3.519272E-11  1.667376E+02
 2.9070000E+02  3.589236E-11  1.667326E+02
 2.9075000E+02  3.582510E-11  1.667269E+02
 2.9080000E+02  3.548736E-11  1.667232E+02
 2.9085000E+02  3.511096E-11  1.667160E+02
 2.9090000E+02  3.459336E-11  1.667117E+02
 2.9095000E+02  3.410124E-11  1.667099E+02
 2.9100000E+02  3.361965E-11  1.667041E+02
 2.9105000E+02  3.320475E-11  1.667003E+02
 2.9110000E+02  3.278978E-11  1.666957E+02
 2.9115000E+02  3.266751E-11  1.666893E+02
 2.9120000E+02  3.281994E-11  1.666858E+02
 2.9125000E+02  3.301449E-11  1.666811E+02
 2.9130000E+02  3.319532E-11  1.666728E+02
 2.9135000E+02  3.328431E-11  1.666658E+02
 2.9140000E+02  3.340315E-11  1.666625E+02
 2.9145000E+02  3.355535E-11  1.666575E+02
 2.9150000E+02  3.364370E-11  1.666522E+02
 2.9155000E+02  3.362072E-11  1.666495E+02
 2.9160000E+02  3.370814E-11  1.666443E+02
 2.9165000E+02  3.378019E-11  1.666407E+02
 2.9170000E+02  3.392842E-11  1.666343E+02
 2.9175000E+02  3.393951E-11  1.666280E+02
 2.9180000E+02  3.401635E-11  1.666255E+02
 2.9185000E+02  3.400994E-11  1.666195E+02
 2.9190000E+02  3.397893E-11  1.666150E+02
 2.9195000E+02  3.394317E-11  1.666103E+02
 2.9200000E+02  3.389620E-11  1.666060E+02
 2.9205000E+02  3.388875E-11  1.666008E+02
 2.9210000E+02  3.379047E-11  1.665931E+02
 2.9215000E+02  3.373228E-11  1.665884E+02
 2.9220000E+02  3.367450E-11  1.665824E+02
 2.9225000E+02  3.365189E-11  1.665768E+02
 2.9230000E+02  3.364227E-11  1.665709E+02
 2.9235000E+02  3.361624E-11  1.665675E+02
 2.9240000E+02  3.347930E-11  1.665630E+02
 2.9245000E+02  3.343698E-11  1.665570E+02
 2.9250000E+02  3.339165E-11  1.665533E+02
 2.9255000E+02  3.342653E-11  1.665467E+02
 2.9260000E+02  3.331593E-11  1.665425E+02
 2.9265000E+02  3.324438E-11  1.665398E+02
 2.9270000E+02  3.324922E-11  1.665341E+02
 2.9275000E+02  3.323887E-11  1.665283E+02
 2.9280000E+02  3.316368E-11  1.665228E+02
 2.9285000E+02  3.313337E-11  1.665170E+02
 2.9290000E+02  3.319030E-11  1.665143E+02
 2.9295000E+02  3.305309E-11  1.665080E+02
 2.9300000E+02  3.305272E-11  1.665037E+02
 2.9305000E+02  3.304423E-11  1.664992E+02
 2.9310000E+02  3.285146E-11  1.664947E+02
 2.9315000E+02  3.292587E-11  1.664930E+02
 2.9320000E+02  3.287192E-11  1.664850E+02
 2.9325000E+02  3.292273E-11  1.664808E+02
 2.9330000E+02  3.288927E-11  1.664781E+02
 2.9335000E+02  3.299949E-11  1.664679E+02
 2.9340000E+02  3.298097E-11  1.664631E+02
 2.9345000E+02  3.303510E-11  1.664566E+02
 2.9350000E+02  3.307450E-11  1.664529E+02
 2.9355000E+02  3.312938E-11  1.664509E+02
 2.9360000E+02  3.309991E-11  1.664454E+02
 2.9365000E+02  3.303065E-11  1.664389E+02
 2.9370000E+02  3.300773E-11  1.664341E+02
 2.9375000E+02  3.290422E-11  1.664273E+02
 2.9380000E+02  3.295380E-11  1.664241E+02
 2.9385000E+02  3.286399E-11  1.664199E+02
 2.9390000E+02  3.279230E-11  1.664148E+02
 2.9395000E+02  3.276823E-11  1.664101E+02
 2.9400000E+02  3.268440E-11  1.664054E+02
 2.9405000E+02  3.250854E-11  1.664030E+02
 2.9410000E+02  3.232778E-11  1.663984E+02
 2.9415000E+02  3.230097E-11  1.663933E+02
 2.9420000E+02  3.210335E-11  1.663885E+02
 2.9425000E+02  3.205911E-11  1.663800E+02
 2.9430000E+02  3.187137E-11  1.663777E+02
 2.9435000E+02  3.185003E-11  1.663723E+02
 2.9440000E+02  3.167568E-11  1.663652E+02
 2.9445000E+02  3.158496E-11  1.663632E+02
 2.9450000E+02  3.146661E-11  1.663543E+02
 2.9455000E+02  3.130718E-11  1.663538E+02
 2.9460000E+02  3.113136E-11  1.663466E+02
 2.9465000E+02  3.096728E-11  1.663434E+02
 2.9470000E+02  3.096030E-11  1.663368E+02
 2.9475000E+02  3.084714E-11  1.663315E+02
 2.9480000E+02  3.073470E-11  1.663258E+02
 2.9485000E+02  3.065607E-11  1.663204E+02
 2.9490000E+02  3.056367E-11  1.663126E+02
 2.9495000E+02  3.045507E-11  1.663114E+02
 2.9500000E+02  3.041127E-11  1.663055E+02
 2.9505000E+02  3.028314E-11  1.662992E+02
 2.9510000E+02  3.013436E-11  1.662965E+02
 2.9515000E+02  3.001879E-11  1.662909E+02
 2.9520000E+02  2.997732E-11  1.662853E+02
 2.9525000E+02  2.997179E-11  1.662804E+02
 2.9530000E+02  2.983184E-11  1.662764E+02
 2.9535000E+02  2.974696E-11  1.662687E+02
 2.9540000E+02  2.968319E-11  1.662632E+02
 2.9545000E+02  2.951290E-11  1.662569E+02
 2.9550000E+02  2.940452E-11  1.662532E+02
 2.9555000E+02  2.920236E-11  1.662481E+02
 2.9560000E+02  2.904500E-11  1.662443E+02
 2.9565000E+02  2.891352E-11  1.662403E+02
 2.9570000E+02  2.869343E-11  1.662333E+02
 2.9575000E+02  2.848515E-11  1.662285E+02
 2.9580000E+02  2.839630E-11  1.662253E+02
 2.9585000E+02  2.824345E-11  1.662195E+02
 2.9590000E+02  2.815978E-11  1.662143E+02
 2.9595000E+02  2.803907E-11  1.662116E+02
 2.9600000E+02  2.788550E-11  1.662056E+02
 2.9605000E+02  2.757396E-11  1.661993E+02
 2.9610000E+02  2.740560E-11  1.661962E+02
 2.9615000E+02  2.720577E-11  1.661918E+02
 2.9620000E+02  2.709587E-11  1.661839E+02
 2.9625000E+02  2.695189E-11  1.661796E+02
 2.9630000E+02  2.679062E-11  1.661745E+02
 2.9635000E+02  2.677984E-11  1.661680E+02
 2.9640000E+02  2.669576E-11  1.661654E+02
 2.9645000E+02  2.652285E-11  1.661603E+02
 2.9650000E+02  2.640189E-11  1.661553E+02
 2.9655000E+02  2.634263E-11  1.661519E+02
 2.9660000E+02  2.618320E-11  1.661450E+02
 2.9665000E+02  2.612145E-11  1.661403E+02
 2.9670000E+02  2.603481E-11  1.661370E+02
 2.9675000E+02  2.599708E-11  1.661327E+02
 2.9680000E+02  2.593149E-11  1.661268E+02
 2.9685000E+02  2.586321E-11  1.661204E+02
 2.9690000E+02  2.591397E-11  1.661174E+02
 2.9695000E+02  2.582714E-11  1.661108E+02
 2.9700000E+02  2.579438E-11  1.661090E+02
 2.9705000E+02  2.568968E-11  1.661002E+02
 2.9710000E+02  2.560507E-11  1.660958E+02
 2.9715000E+02  2.556492E-11  1.660916E+02
 2.9720000E+02  2.560691E-11  1.660861E+02
 2.9725000E+02  2.553096E-11  1.660804E+02
 2.9730000E+02  2.552232E-11  1.660784E+02
 2.9735000E+02  2.547370E-11  1.660713E+02
 2.9740000E+02  2.548021E-11  1.660668E+02
 2.9745000E+02  2.537837E-11  1.660627E+02
 2.9750000E+02  2.533980E-11  1.660581E+02
 2.9755000E+02  2.525625E-11  1.660520E+02
 2.9760000E+02  2.518572E-11  1.660490E+02
 2.9765000E+02  2.512700E-11  1.660430E+02
 2.9770000E+02  2.509090E-11  1.660388E+02
 2.9775000E+02  2.495984E-11  1.660342E+02
 2.9780000E+02  2.498505E-11  1.660284E+02
 2.9785000E+02  2.484561E-11  1.660222E+02
 2.9790000E+02  2.484347E-11  1.660172E+02
 2.9795000E+02  2.478657E-11  1.660151E+02
 2.9800000E+02  2.478311E-11  1.660071E+02
 2.9805000E+02  2.465048E-11  1.660049E+02
 2.9810000E+02  2.457577E-11  1.659988E+02
 2.9815000E+02  2.449767E-11  1.659924E+02
 2.9820000E+02  2.448595E-11  1.659910E+02
 2.9825000E+02  2.445906E-11  1.659847E+02
 2.9830000E+02  2.443797E-11  1.659783E+02
 2.9835000E+02  2.441253E-11  1.659709E+02
 2.9840000E+02  2.433536E-11  1.659671E+02
 2.9845000E+02  2.432263E-11  1.659620E+02
 2.9850000E+02  2.431471E-11  1.659586E+02
 2.9855000E+02  2.426353E-11  1.659521E+02
 2.9860000E+02  2.425827E-11  1.659469E+02
 2.9865000E+02  2.421311E-11  1.659443E+02
 2.9870000E+02  2.423457E-11  1.659400E+02
 2.9875000E+02  2.423496E-11  1.659354E+02
 2.9880000E+02  2.415009E-11  1.659310E+02
 2.9885000E+02  2.425517E-11  1.659242E+02
 2.9890000E+02  2.418749E-11  1.659226E+02
 2.9895000E+02  2.425263E-11  1.659156E+02
 2.9900000E+02  2.420884E-11  1.659116E+02
 2.9905000E+02  2.415585E-11  1.659082E+02
 2.9910000E+02  2.418200E-11  1.659025E+02
 2.9915000E+02  2.418396E-11  1.659000E+02
 2.9920000E+02  2.417409E-11  1.658941E+02
 2.9925000E+02  2.420109E-11  1.658870E+02
 2.9930000E+02  2.418990E-11  1.658838E+02
 2.9935000E+02  2.422604E-11  1.658771E+02
 2.9940000E+02  2.423822E-11  1.658711E+02
 2.9945000E+02  2.416268E-11  1.658689E+02
 2.9950000E+02  2.425206E-11  1.658617E+02
 2.9955000E+02  2.420221E-11  1.658559E+02
 2.9960000E+02  2.427753E-11  1.658531E+02
 2.9965000E+02  2.424131E-11  1.658471E+02
 2.9970000E+02  2.435480E-11  1.658451E+02
 2.9975000E+02  2.423912E-11  1.658382E+02
 2.9980000E+02  2.437062E-11  1.658356E+02
 2.9985000E+02  2.438279E-11  1.658286E+02
 2.9990000E+02  2.445800E-11  1.658225E+02
 2.9995000E+02  2.439998E-11  1.658197E+02
 3.0000000E+02  2.441786E-11  1.658126E+02
 3.0005000E+02  2.445717E-11  1.658081E+02
 3.0010000E+02  2.450906E-11  1.658035E+02
 3.0015000E+02  2.453999E-11  1.657999E+02
 3.0020000E+02  2.459525E-11  1.657943E+02
 3.0025000E+02  2.459607E-11  1.657886E+02
 3.0030000E+02  2.467107E-11  1.657852E+02
 3.0035000E+02  2.461153E-11  1.657795E+02
 3.0040000E+02  2.472389E-11  1.657746E+02
 3.0045000E+02  2.477822E-11  1.657716E+02
 3.0050000E+02  2.479935E-11  1.657653E+02
 3.0055000E+02  2.481758E-11  1.657632E+02
 3.0060000E+02  2.482527E-11  1.657576E+02
 3.0065000E+02  2.491345E-11  1.657508E+02
 3.0070000E+02  2.491237E-11  1.657489E+02
 3.0075000E+02  2.503721E-11  1.657424E+02
 3.0080000E+02  2.500547E-11  1.657369E+02
 3.0085000E+02  2.508250E-11  1.657304E+02
 3.0090000E+02  2.510343E-11  1.657253E+02
 3.0095000E+02  2.511242E-11  1.657186E+02
 3.0100000E+02  2.524036E-11  1.657158E+02
 3.0105000E+02  2.537897E-11  1.657102E+02
 3.0110000E+02  2.545623E-11  1.657056E+02
 3.0115000E+02  2.560258E-11  1.657018E+02
 3.0120000E+02  2.565887E-11  1.656964E+02
 3.0125000E+02  2.573996E-11  1.656903E+02
 3.0130000E+02  2.577370E-11  1.656872E+02
 3.0135000E+02  2.588006E-11  1.656802E+02
 3.0140000E+02  2.590392E-11  1.656758E+02
 3.0145000E+02  2.600439E-11  1.656685E+02
 3.0150000E+02  2.609550E-11  1.656658E+02
 3.0155000E+02  2.624157E-11  1.656621E+02
 3.0160000E+02  2.643935E-11  1.656584E+02
 3.0165000E+02  2.652087E-11  1.656529E+02
 3.0170000E+02  2.663125E-11  1.656509E+02
 3.0175000E+02  2.678415E-11  1.656433E+02
 3.0180000E+02  2.683999E-11  1.656385E+02
 3.0185000E+02  2.693174E-11  1.656345E+02
 3.0190000E+02  2.711221E-11  1.656269E+02
 3.0195000E+02  2.710359E-11  1.656207E+02
 3.0200000E+02  2.723179E-11  1.656177E+02
 3.0205000E+02  2.732518E-11  1.656122E+02
 3.0210000E+02  2.747967E-11  1.656100E+02
 3.0215000E+02  2.772341E-11  1.656033E+02
 3.0220000E+02  2.789627E-11  1.655972E+02
 3.0225000E+02  2.799740E-11  1.655948E+02
 3.0230000E+02  2.808621E-11  1.655880E+02
 3.0235000E+02  2.817932E-11  1.655830E+02
 3.0240000E+02  2.823491E-11  1.655761E+02
 3.0245000E+02  2.831741E-11  1.655736E+02
 3.0250000E+02  2.835400E-11  1.655694E+02
 3.0255000E+02  2.850715E-11  1.655644E+02
 3.0260000E+02  2.866142E-11  1.655586E+02
 3.0265000E+02  2.872085E-11  1.655542E+02
 3.0270000E+02  2.887252E-11  1.655515E+02
 3.0275000E+02  2.889626E-11  1.655443E+02
 3.0280000E+02  2.892178E-11  1.655385E+02
 3.0285000E+02  2.890090E-11  1.655330E+02
 3.0290000E+02  2.891315E-11  1.655273E+02
 3.0295000E+02  2.896805E-11  1.655206E+02
 3.0300000E+02  2.897643E-11  1.655186E+02
 3.0305000E+02  2.911033E-11  1.655111E+02
 3.0310000E+02  2.921077E-11  1.655079E+02
 3.0315000E+02  2.917289E-11  1.655029E+02
 3.0320000E+02  2.915035E-11  1.654954E+02
 3.0325000E+02  2.910925E-11  1.654919E+02
 3.0330000E+02  2.912332E-11  1.654874E+02
 3.0335000E+02  2.912064E-11  1.654827E+02
 3.0340000E+02  2.915647E-11  1.654785E+02
 3.0345000E+02  2.916994E-11  1.654705E+02
 3.0350000E+02  2.906241E-11  1.654695E+02
 3.0355000E+02  2.904247E-11  1.654641E+02
 3.0360000E+02  2.904864E-11  1.654585E+02
 3.0365000E+02  2.906355E-11  1.654567E+02
 3.0370000E+02  2.898373E-11  1.654486E+02
 3.0375000E+02  2.901022E-11  1.654466E+02
 3.0380000E+02  2.896600E-11  1.654407E+02
 3.0385000E+02  2.899611E-11  1.654347E+02
 3.0390000E+02  2.895969E-11  1.654314E+02
 3.0395000E+02  2.899182E-11  1.654256E+02
 3.0400000E+02  2.900492E-11  1.654189E+02
 3.0405000E+02  2.893778E-11  1.654154E+02
 3.0410000E+02  2.890574E-11  1.654124E+02
 3.0415000E+02  2.891387E-11  1.654033E+02
 3.0420000E+02  2.896916E-11  1.653987E+02
 3.0425000E+02  2.899314E-11  1.653953E+02
 3.0430000E+02  2.903817E-11  1.653863E+02
 3.0435000E+02  2.900253E-11  1.653832E+02
 3.0440000E+02  2.912201E-11  1.653797E+02
 3.0445000E+02  2.914781E-11  1.653734E+02
 3.0450000E+02  2.915347E-11  1.653678E+02
 3.0455000E+02  2.912541E-11  1.653645E+02
 3.0460000E+02  2.922847E-11  1.653576E+02
 3.0465000E+02  2.921033E-11  1.653542E+02
 3.0470000E+02  2.936551E-11  1.653500E+02
 3.0475000E+02  2.944553E-11  1.653431E+02
 3.0480000E+02  2.944504E-11  1.653391E+02
 3.0485000E+02  2.953265E-11  1.653362E+02
 3.0490000E+02  2.951878E-11  1.653309E+02
 3.0495000E+02  2.967906E-11  1.653234E+02
 3.0500000E+02  2.969979E-11  1.653173E+02
 3.0505000E+02  2.978803E-11  1.653149E+02
 3.0510000E+02  2.988502E-11  1.653075E+02
 3.0515000E+02  2.997309E-11  1.653014E+02
 3.0520000E+02  3.011701E-11  1.653000E+02
 3.0525000E+02  3.024569E-11  1.652916E+02
 3.0530000E+02  3.039638E-11  1.652891E+02
 3.0535000E+02  3.057405E-11  1.652830E+02
 3.0540000E+02  3.064153E-11  1.652784E+02
 3.0545000E+02  3.069934E-11  1.652723E+02
 3.0550000E+02  3.083671E-11  1.652697E+02
 3.0555000E+02  3.095153E-11  1.652648E+02
 3.0560000E+02  3.111002E-11  1.652578E+02
 3.0565000E+02  3.125709E-11  1.652545E+02
 3.0570000E+02  3.137732E-11  1.652485E+02
 3.0575000E+02  3.148412E-11  1.652459E+02
 3.0580000E+02  3.167685E-11  1.652403E+02
 3.0585000E+02  3.178938E-11  1.652341E+02
 3.0590000E+02  3.192517E-11  1.652306E+02
 3.0595000E+02  3.195720E-11  1.652269E+02
 3.0600000E+02  3.217223E-11  1.652173E+02
 3.0605000E+02  3.231717E-11  1.652139E+02
 3.0610000E+02  3.242437E-11  1.652075E+02
 3.0615000E+02  3.246865E-11  1.652032E+02
 3.0620000E+02  3.256680E-11  1.651996E+02
 3.0625000E+02  3.268644E-11  1.651936E+02
 3.0630000E+02  3.279556E-11  1.651919E+02
 3.0635000E+02  3.290258E-11  1.651864E+02
 3.0640000E+02  3.303944E-11  1.651823E+02
 3.0645000E+02  3.310880E-11  1.651781E+02
 3.0650000E+02  3.328252E-11  1.651703E+02
 3.0655000E+02  3.324296E-11  1.651645E+02
 3.0660000E+02  3.332571E-11  1.651617E+02
 3.0665000E+02  3.342638E-11  1.651564E+02
 3.0670000E+02  3.346138E-11  1.651546E+02
 3.0675000E+02  3.360556E-11  1.651480E+02
 3.0680000E+02  3.369816E-11  1.651447E+02
 3.0685000E+02  3.368010E-11  1.651401E+02
 3.0690000E+02  3.378705E-11  1.651332E+02
 3.0695000E+02  3.380861E-11  1.651297E+02
 3.0700000E+02  3.384901E-11  1.651227E+02
 3.0705000E+02  3.395432E-11  1.651156E+02
 3.0710000E+02  3.393660E-11  1.651092E+02
 3.0715000E+02  3.390217E-11  1.651070E+02
 3.0720000E+02  3.393204E-11  1.651015E+02
 3.0725000E+02  3.390552E-11  1.650979E+02
 3.0730000E+02  3.396032E-11  1.650944E+02
 3.0735000E+02  3.392379E-11  1.650918E+02
 3.0740000E+02  3.394179E-11  1.650846E+02
 3.0745000E+02  3.388786E-11  1.650778E+02
 3.0750000E+02  3.384242E-11  1.650759E+02
 3.0755000E+02  3.385183E-11  1.650700E+02
 3.0760000E+02  3.383031E-11  1.650641E+02
 3.0765000E+02  3.380797E-11  1.650615E+02
 3.0770000E+02  3.381018E-11  1.650555E+02
 3.0775000E+02  3.371064E-11  1.650529E+02
 3.0780000E+02  3.363153E-11  1.650471E+02
 3.0785000E+02  3.361280E-11  1.650425E+02
 3.0790000E+02  3.355563E-11  1.650387E+02
 3.0795000E+02  3.353244E-11  1.650301E+02
 3.0800000E+02  3.349659E-11  1.650278E+02
 3.0805000E+02  3.337187E-11  1.650213E+02
 3.0810000E+02  3.337923E-11  1.650157E+02
 3.0815000E+02  3.330696E-11  1.650089E+02
 3.0820000E+02  3.323149E-11  1.650060E+02
 3.0825000E+02  3.323481E-11  1.650017E+02
 3.0830000E+02  3.311819E-11  1.649991E+02
 3.0835000E+02  3.299848E-11  1.649929E+02
 3.0840000E+02  3.286988E-11  1.649896E+02
 3.0845000E+02  3.275263E-11  1.649826E+02
 3.0850000E+02  3.270039E-11  1.649767E+02
 3.0855000E+02  3.266715E-11  1.649726E+02
 3.0860000E+02  3.254998E-11  1.649673E+02
 3.0865000E+02  3.245299E-11  1.649641E+02
 3.0870000E+02  3.247626E-11  1.649592E+02
 3.0875000E+02  3.241803E-11  1.649524E+02
 3.0880000E+02  3.237037E-11  1.649496E+02
 3.0885000E+02  3.225550E-11  1.649470E+02
 3.0890000E+02  3.216849E-11  1.649407E+02
 3.0895000E+02  3.206185E-11  1.649350E+02
 3.0900000E+02  3.199743E-11  1.649318E+02
 3.0905000E+02  3.194724E-11  1.649270E+02
 3.0910000E+02  3.189069E-11  1.649223E+02
 3.0915000E+02  3.178633E-11  1.649165E+02
 3.0920000E+02  3.168602E-11  1.649114E+02
 3.0925000E+02  3.159918E-11  1.649095E+02
 3.0930000E+02  3.160952E-11  1.649027E+02
 3.0935000E+02  3.154249E-11  1.648992E+02
 3.0940000E+02  3.147929E-11  1.648943E+02
 3.0945000E+02  3.136378E-11  1.648889E+02
 3.0950000E+02  3.122616E-11  1.648854E+02
 3.0955000E+02  3.116810E-11  1.648753E+02
 3.0960000E+02  3.106173E-11  1.648732E+02
 3.0965000E+02  3.104194E-11  1.648694E+02
 3.0970000E+02  3.094582E-11  1.648667E+02
 3.0975000E+02  3.093012E-11  1.648602E+02
 3.0980000E+02  3.082910E-11  1.648572E+02
 3.0985000E+02  3.073749E-11  1.648506E+02
 3.0990000E+02  3.067531E-11  1.648483E+02
 3.0995000E+02  3.055420E-11  1.648412E+02
 3.1000000E+02  3.047111E-11  1.648357E+02
 3.1005000E+02  3.039303E-11  1.648337E+02
 3.1010000E+02  3.031335E-11  1.648275E+02
 3.1015000E+02  3.031664E-11  1.648244E+02
 3.1020000E+02  3.018557E-11  1.648187E+02
 3.1025000E+02  3.008975E-11  1.648170E+02
 3.1030000E+02  3.005113E-11  1.648096E+02
 3.1035000E+02  2.998701E-11  1.648073E+02
 3.1040000E+02  2.985364E-11  1.647985E+02
 3.1045000E+02  2.975597E-11  1.647962E+02
 3.1050000E+02  2.963223E-11  1.647912E+02
 3.1055000E+02  2.949702E-11  1.647890E+02
 3.1060000E+02  2.943590E-11  1.647816E+02
 3.1065000E+02  2.934767E-11  1.647759E+02
 3.1070000E+02  2.923452E-11  1.647724E+02
 3.1075000E+02  2.922402E-11  1.647679E+02
 3.1080000E+02  2.918233E-11  1.647626E+02
 3.1085000E+02  2.910264E-11  1.647592E+02
 3.1090000E+02  2.899040E-11  1.647524E+02
 3.1095000E+02  2.888583E-11  1.647497E+02
 3.1100000E+02  2.877550E-11  1.647428E+02
 3.1105000E+02  2.866499E-11  1.647409E+02
 3.1110000E+02  2.857064E-11  1.647340E+02
 3.1115000E+02  2.848786E-11  1.647290E+02
 3.1120000E+02  2.840679E-11  1.647268E+02
 3.1125000E+02  2.830746E-11  1.647167E+02
 3.1130000E+02  2.828410E-11  1.647114E+02
 3.1135000E+02  2.832518E-11  1.647093E+02
 3.1140000E+02  2.831119E-11  1.647033E+02
 3.1145000E+02  2.823217E-11  1.647010E+02
 3.1150000E+02  2.811583E-11  1.646955E+02
 3.1155000E+02  2.807962E-11  1.646927E+02
 3.1160000E+02  2.799870E-11  1.646849E+02
 3.1165000E+02  2.797023E-11  1.646811E+02
 3.1170000E+02  2.794369E-11  1.646788E+02
 3.1175000E+02  2.793170E-11  1.646726E+02
 3.1180000E+02  2.794458E-11  1.646674E+02
 3.1185000E+02  2.790176E-11  1.646602E+02
 3.1190000E+02  2.788464E-11  1.646564E+02
 3.1195000E+02  2.793950E-11  1.646504E+02
 3.1200000E+02  2.788973E-11  1.646481E+02
 3.1205000E+02  2.783072E-11  1.646395E+02
 3.1210000E+02  2.786137E-11  1.646344E+02
 3.1215000E+02  2.784502E-11  1.646323E+02
 3.1220000E+02  2.790291E-11  1.646261E+02
 3.1225000E+02  2.785791E-11  1.646200E+02
 3.1230000E+02  2.785862E-11  1.646169E+02
 3.1235000E+02  2.790179E-11  1.646121E+02
 3.1240000E+02  2.787729E-11  1.646055E+02
 3.1245000E+02  2.793494E-11  1.645982E+02
 3.1250000E+02  2.791311E-11  1.645983E+02
 3.1255000E+02  2.795604E-11  1.645919E+02
 3.1260000E+02  2.798426E-11  1.645884E+02
 3.1265000E+02  2.803862E-11  1.645823E+02
 3.1270000E+02  2.807870E-11  1.645796E+02
 3.1275000E+02  2.808736E-11  1.645732E+02
 3.1280000E+02  2.817557E-11  1.645664E+02
 3.1285000E+02  2.819523E-11  1.645630E+02
 3.1290000E+02  2.825459E-11  1.645567E+02
 3.1295000E+02  2.826844E-11  1.645521E+02
 3.1300000E+02  2.839572E-11  1.645488E+02
 3.1305000E+02  2.846053E-11  1.645412E+02
 3.1310000E+02  2.847062E-11  1.645402E+02
 3.1315000E+02  2.853575E-11  1.645343E+02
 3.1320000E+02  2.855620E-11  1.645311E+02
 3.1325000E+02  2.864731E-11  1.645265E+02
 3.1330000E+02  2.869406E-11  1.645227E+02
 3.1335000E+02  2.874330E-11  1.645170E+02
 3.1340000E+02  2.875621E-11  1.645115E+02
 3.1345000E+02  2.883091E-11  1.645054E+02
 3.1350000E+02  2.887409E-11  1.645034E+02
 3.1355000E+02  2.893391E-11  1.644964E+02
 3.1360000E+02  2.900032E-11  1.644923E+02
 3.1365000E+02  2.903670E-11  1.644862E+02
 3.1370000E+02  2.914407E-11  1.644830E+02
 3.1375000E+02  2.924002E-11  1.644783E+02
 3.1380000E+02  2.921938E-11  1.644740E+02
 3.1385000E+02  2.929619E-11  1.644689E+02
 3.1390000E+02  2.940368E-11  1.644631E+02
 3.1395000E+02  2.941504E-11  1.644613E+02
 3.1400000E+02  2.938681E-11  1.644532E+02
 3.1405000E+02  2.947240E-11  1.644497E+02
 3.1410000E+02  2.951627E-11  1.644436E+02
 3.1415000E+02  2.955431E-11  1.644374E+02
 3.1420000E+02  2.965425E-11  1.644326E+02
 3.1425000E+02  2.975484E-11  1.644291E+02
 3.1430000E+02  2.977713E-11  1.644233E+02
 3.1435000E+02  2.982939E-11  1.644175E+02
 3.1440000E+02  2.989764E-11  1.644147E+02
 3.1445000E+02  2.992195E-11  1.644099E+02
 3.1450000E+02  3.001951E-11  1.644054E+02
 3.1455000E+02  3.002224E-11  1.643984E+02
 3.1460000E+02  3.001227E-11  1.643926E+02
 3.1465000E+02  3.009588E-11  1.643890E+02
 3.1470000E+02  3.018910E-11  1.643839E+02
 3.1475000E+02  3.018946E-11  1.643781E+02
 3.1480000E+02  3.024340E-11  1.643718E+02
 3.1485000E+02  3.028279E-11  1.643676E+02
 3.1490000E+02  3.037290E-11  1.643629E+02
 3.1495000E+02  3.037129E-11  1.643577E+02
 3.1500000E+02  3.033049E-11  1.643524E+02
 3.1505000E+02  3.029041E-11  1.643472E+02
 3.1510000E+02  3.034320E-11  1.643415E+02
 3.1515000E+02  3.033624E-11  1.643349E+02
 3.1520000E+02  3.034777E-11  1.643326E+02
 3.1525000E+02  3.038958E-11  1.643265E+02
 3.1530000E+02  3.038263E-11  1.643244E+02
 3.1535000E+02  3.037986E-11  1.643169E+02
 3.1540000E+02  3.036133E-11  1.643148E+02
 3.1545000E+02  3.037013E-11  1.643077E+02
 3.1550000E+02  3.035575E-11  1.643017E+02
 3.1555000E+02  3.030020E-11  1.642976E+02
 3.1560000E+02  3.032235E-11  1.642947E+02
 3.1565000E+02  3.030633E-11  1.642878E+02
 3.1570000E+02  3.027225E-11  1.642858E+02
 3.1575000E+02  3.027817E-11  1.642765E+02
 3.1580000E+02  3.019449E-11  1.642745E+02
 3.1585000E+02  3.008929E-11  1.642703E+02
 3.1590000E+02  3.009372E-11  1.642660E+02
 3.1595000E+02  3.002410E-11  1.642608E+02
 3.1600000E+02  3.000414E-11  1.642543E+02
 3.1605000E+02  2.996870E-11  1.642514E+02
 3.1610000E+02  2.995673E-11  1.642459E+02
 3.1615000E+02  2.987154E-11  1.642401E+02
 3.1620000E+02  2.984404E-11  1.642352E+02
 3.1625000E+02  2.990016E-11  1.642310E+02
 3.1630000E+02  2.980089E-11  1.642257E+02
 3.1635000E+02  2.971635E-11  1.642224E+02
 3.1640000E+02  2.965094E-11  1.642176E+02
 3.1645000E+02  2.957675E-11  1.642133E+02
 3.1650000E+02  2.948604E-11  1.642084E+02
 3.1655000E+02  2.947182E-11  1.642043E+02
 3.1660000E+02  2.939693E-11  1.641974E+02
 3.1665000E+02  2.933293E-11  1.641941E+02
 3.1670000E+02  2.932141E-11  1.641881E+02
 3.1675000E+02  2.932251E-11  1.641807E+02
 3.1680000E+02  2.928242E-11  1.641740E+02
 3.1685000E+02  2.914179E-11  1.641722E+02
 3.1690000E+02  2.914780E-11  1.641646E+02
 3.1695000E+02  2.904245E-11  1.641628E+02
 3.1700000E+02  2.892302E-11  1.641574E+02
 3.1705000E+02  2.887807E-11  1.641548E+02
 3.1710000E+02  2.879805E-11  1.641495E+02
 3.1715000E+02  2.878770E-11  1.641427E+02
 3.1720000E+02  2.872937E-11  1.641417E+02
 3.1725000E+02  2.868042E-11  1.641341E+02
 3.1730000E+02  2.869334E-11  1.641284E+02
 3.1735000E+02  2.863085E-11  1.641264E+02
 3.1740000E+02  2.850537E-11  1.641218E+02
 3.1745000E+02  2.843951E-11  1.641218E+02
 3.1750000E+02  2.833041E-11  1.641129E+02
 3.1755000E+02  2.832369E-11  1.641072E+02
 3.1760000E+02  2.826740E-11  1.641040E+02
 3.1765000E+02  2.822660E-11  1.640981E+02
 3.1770000E+02  2.823651E-11  1.640964E+02
 3.1775000E+02  2.809592E-11  1.640886E+02
 3.1780000E+02  2.816197E-11  1.640842E+02
 3.1785000E+02  2.809290E-11  1.640815E+02
 3.1790000E+02  2.797747E-11  1.640773E+02
 3.1795000E+02  2.796490E-11  1.640747E+02
 3.1800000E+02  2.792067E-11  1.640657E+02
 3.1805000E+02  2.789548E-11  1.640642E+02
 3.1810000E+02  2.784262E-11  1.640589E+02
 3.1815000E+02  2.779859E-11  1.640555E+02
 3.1820000E+02  2.773688E-11  1.640474E+02
 3.1825000E+02  2.772634E-11  1.640428E+02
 3.1830000E+02  2.771491E-11  1.640386E+02
 3.1835000E+02  2.768876E-11  1.640323E+02
 3.1840000E+02  2.770750E-11  1.640263E+02
 3.1845000E+02  2.764587E-11  1.640235E+02
 3.1850000E+02  2.767170E-11  1.640192E+02
 3.1855000E+02  2.751088E-11  1.640156E+02
 3.1860000E+02  2.762395E-11  1.640108E+02
 3.1865000E+02  2.769160E-11  1.640084E+02
 3.1870000E+02  2.772186E-11  1.640018E+02
 3.1875000E+02  2.760906E-11  1.639958E+02
 3.1880000E+02  2.759854E-11  1.639922E+02
 3.1885000E+02  2.751438E-11  1.639866E+02
 3.1890000E+02  2.762349E-11  1.639806E+02
 3.1895000E+02  2.761109E-11  1.639795E+02
 3.1900000E+02  2.762106E-11  1.639729E+02
 3.1905000E+02  2.759773E-11  1.639689E+02
 3.1910000E+02  2.762196E-11  1.639634E+02
 3.1915000E+02  2.762691E-11  1.639566E+02
 3.1920000E+02  2.764628E-11  1.639524E+02
 3.1925000E+02  2.750554E-11  1.639468E+02
 3.1930000E+02  2.763226E-11  1.639468E+02
 3.1935000E+02  2.755958E-11  1.639415E+02
 3.1940000E+02  1.079419E-13  1.639352E+02
 3.1945000E+02  1.042541E-13  1.639238E+02
 3.1950000E+02 -2.704329E-14  1.639193E+02
 3.1955000E+02  5.990174E-14  1.639161E+02
 3.1960000E+02 -3.414274E-14  1.639102E+02
 3.1965000E+02 -8.179509E-15  1.639075E+02
 3.1970000E+02  2.784245E-14  1.638984E+02
 3.1975000E+02  3.725010E-14  1.638958E+02
 3.1980000E+02  1.118972E-13  1.638910E+02
 3.1985000E+02 -2.150899E-14  1.638877E+02
 3.1990000E+02  1.392585E-15  1.638807E+02
 3.1995000E+02  4.090011E-14  1.638783E+02
 3.2000000E+02 -3.517808E-14  1.638738E+02

