
 2.7000000E+02  2.009654E-12  1.807929E+02
 2.7100000E+02  2.019285E-12  1.807752E+02
 2.7200000E+02  2.056155E-12  1.807621E+02
 2.7300000E+02  2.011482E-12  1.807466E+02
 2.7400000E+02  2.068135E-12  1.807330E+02
 2.7500000E+02  2.066302E-12  1.807172E+02
 2.7600000E+02  2.117641E-12  1.807010E+02
 2.7700000E+02  2.115659E-12  1.806856E+02
 2.7800000E+02  2.088513E-12  1.806675E+02
 2.7900000E+02  2.074525E-12  1.806532E+02
 2.8000000E+02  2.069509E-12  1.806371E+02
 2.8100000E+02  2.028128E-12  1.806205E+02
 2.8200000E+02  2.091227E-12  1.806067E+02
 2.8300000E+02  2.248486E-12  1.805934E+02
 2.8400000E+02  1.369004E-11  1.805769E+02
 2.8500000E+02  1.200282E-11  1.805616E+02
 2.8600000E+02  9.389711E-12  1.805440E+02
 2.8700000E+02  1.132582E-11  1.805276E+02
 2.8800000E+02  1.152960E-11  1.805143E+02
 2.8900000E+02  1.130710E-11  1.804978E+02
 2.9000000E+02  1.201366E-11  1.804837E+02
 2.9100000E+02  1.665966E-11  1.804653E+02
 2.9200000E+02  1.674323E-11  1.804510E+02
 2.9300000E+02  1.587818E-11  1.804339E+02
 2.9400000E+02  1.566927E-11  1.804248E+02
 2.9500000E+02  1.536622E-11  1.804035E+02
 2.9600000E+02  1.495015E-11  1.803877E+02
 2.9700000E+02  1.454564E-11  1.803746E+02
 2.9800000E+02  1.433236E-11  1.803600E+02
 2.9900000E+02  1.436605E-11  1.803455E+02
 3.0000000E+02  1.449739E-11  1.803313E+02
 3.0100000E+02  1.480552E-11  1.803180E+02
 3.0200000E+02  1.548718E-11  1.802990E+02
 3.0300000E+02  1.588035E-11  1.802864E+02
 3.0400000E+02  1.561498E-11  1.802725E+02
 3.0500000E+02  1.583905E-11  1.802487E+02
 3.0600000E+02  1.644753E-11  1.802367E+02
 3.0700000E+02  1.676454E-11  1.802197E+02
 3.0800000E+02  1.640524E-11  1.802062E+02
 3.0900000E+02  1.572611E-11  1.801948E+02
 3.1000000E+02  1.505140E-11  1.801807E+02
 3.1100000E+02  1.435856E-11  1.801643E+02
 3.1200000E+02  1.394188E-11  1.801475E+02
 3.1300000E+02  1.399495E-11  1.801329E+02
 3.1400000E+02  1.435830E-11  1.801172E+02
 3.1500000E+02  1.457669E-11  1.801012E+02
 3.1600000E+02  1.459208E-11  1.800887E+02
 3.1700000E+02  1.435603E-11  1.800748E+02
 3.1800000E+02  1.420441E-11  1.800583E+02
 3.1900000E+02  1.417667E-11  1.800427E+02
 3.2000000E+02  1.436764E-11  1.800292E+02
 3.2100000E+02  1.453949E-11  1.800156E+02
 3.2200000E+02  1.465518E-11  1.800011E+02
 3.2300000E+02  1.487584E-11  1.799886E+02
 3.2400000E+02  1.515375E-11  1.799728E+02
 3.2500000E+02  1.548746E-11  1.799563E+02
 3.2600000E+02  1.571952E-11  1.799434E+02
 3.2700000E+02  1.603320E-11  1.799298E+02
 3.2800000E+02  1.610787E-11  1.799144E+02
 3.2900000E+02  1.640804E-11  1.799008E+02
 3.3000000E+02  1.650220E-11  1.798867E+02
 3.3100000E+02  1.662298E-11  1.798706E+02
 3.3200000E+02  1.663236E-11  1.798567E+02
 3.3300000E+02  1.648459E-11  1.798443E+02
 3.3400000E+02  1.647645E-11  1.798301E+02
 3.3500000E+02  1.636907E-11  1.798176E+02
 3.3600000E+02  1.624723E-11  1.797999E+02
 3.3700000E+02  1.612793E-11  1.797865E+02
 3.3800000E+02  1.600981E-11  1.797741E+02
 3.3900000E+02  1.592767E-11  1.797599E+02
 3.4000000E+02  1.592496E-11  1.797473E+02
 3.4100000E+02  1.602595E-11  1.797365E+02
 3.4200000E+02  1.606784E-11  1.797161E+02
 3.4300000E+02  1.607107E-11  1.797035E+02
 3.4400000E+02  1.624946E-11  1.796905E+02
 3.4500000E+02  1.631808E-11  1.796786E+02
 3.4600000E+02  1.648249E-11  1.796652E+02
 3.4700000E+02  1.627981E-11  1.796505E+02
 3.4800000E+02  1.438498E-11  1.796346E+02
 3.4900000E+02  1.700431E-11  1.796195E+02
 3.5000000E+02  1.670170E-11  1.796065E+02
 3.5100000E+02  1.548506E-11  1.795942E+02
 3.5200000E+02  1.716390E-11  1.795797E+02
 3.5300000E+02  1.751247E-11  1.795655E+02
 3.5400000E+02  1.779339E-11  1.795536E+02
 3.5500000E+02  1.811754E-11  1.795411E+02
 3.5600000E+02  1.828728E-11  1.795231E+02
 3.5700000E+02  1.844880E-11  1.795097E+02
 3.5800000E+02  1.867287E-11  1.794968E+02
 3.5900000E+02  1.887231E-11  1.794828E+02
 3.6000000E+02  1.917471E-11  1.794686E+02
 3.6100000E+02  1.931174E-11  1.794573E+02
 3.6200000E+02  1.947133E-11  1.794420E+02
 3.6300000E+02  1.962085E-11  1.794270E+02
 3.6400000E+02  1.970005E-11  1.794108E+02
 3.6500000E+02  1.990382E-11  1.793982E+02
 3.6600000E+02  2.006421E-11  1.793855E+02
 3.6700000E+02  2.014853E-11  1.793769E+02
 3.6800000E+02  2.024642E-11  1.793623E+02
 3.6900000E+02  2.024853E-11  1.793485E+02
 3.7000000E+02  2.032073E-11  1.793357E+02
 3.7100000E+02  2.045925E-11  1.793227E+02
 3.7200000E+02  2.052948E-11  1.793040E+02
 3.7300000E+02  2.068949E-11  1.792905E+02
 3.7400000E+02  2.078949E-11  1.792783E+02
 3.7500000E+02  2.082866E-11  1.792651E+02
 3.7600000E+02  2.097762E-11  1.792513E+02
 3.7700000E+02  2.132504E-11  1.792417E+02
 3.7800000E+02  2.119601E-11  1.792183E+02
 3.7900000E+02  2.136838E-11  1.792027E+02
 3.8000000E+02  2.156026E-11  1.791921E+02
 3.8100000E+02  2.186895E-11  1.791799E+02
 3.8200000E+02  2.198610E-11  1.791634E+02
 3.8300000E+02  2.226040E-11  1.791544E+02
 3.8400000E+02  2.235269E-11  1.791365E+02
 3.8500000E+02  2.255686E-11  1.791203E+02
 3.8600000E+02  2.277555E-11  1.791080E+02
 3.8700000E+02  2.295309E-11  1.790964E+02
 3.8800000E+02  2.297240E-11  1.790845E+02
 3.8900000E+02  2.308353E-11  1.790721E+02
 3.9000000E+02  2.303806E-11  1.790600E+02
 3.9100000E+02  2.309016E-11  1.790451E+02
 3.9200000E+02  2.313887E-11  1.790316E+02
 3.9300000E+02  2.322456E-11  1.790190E+02
 3.9400000E+02  2.317237E-11  1.790065E+02
 3.9500000E+02  2.313228E-11  1.789954E+02
 3.9600000E+02  2.300174E-11  1.789818E+02
 3.9700000E+02  2.312039E-11  1.789685E+02
 3.9800000E+02  2.288966E-11  1.789579E+02
 3.9900000E+02  2.310993E-11  1.789377E+02
 4.0000000E+02  2.371155E-11  1.789252E+02
 4.0100000E+02  2.373570E-11  1.789112E+02
 4.0200000E+02  2.375399E-11  1.789009E+02
 4.0300000E+02  2.387938E-11  1.788887E+02
 4.0400000E+02  2.406332E-11  1.788748E+02
 4.0500000E+02  2.422493E-11  1.788670E+02
 4.0600000E+02  2.437054E-11  1.788545E+02
 4.0700000E+02  2.451779E-11  1.788407E+02
 4.0800000E+02  2.458888E-11  1.788281E+02
 4.0900000E+02  2.468806E-11  1.788151E+02
 4.1000000E+02  2.477886E-11  1.788069E+02
 4.1100000E+02  2.480793E-11  1.787894E+02
 4.1200000E+02  2.478113E-11  1.787772E+02
 4.1300000E+02  2.477387E-11  1.787619E+02
 4.1400000E+02  2.486029E-11  1.787499E+02
 4.1500000E+02  2.472381E-11  1.787352E+02
 4.1600000E+02  2.469883E-11  1.787224E+02
 4.1700000E+02  2.469581E-11  1.787108E+02
 4.1800000E+02  2.451620E-11  1.786992E+02
 4.1900000E+02  2.457201E-11  1.786852E+02
 4.2000000E+02  2.457120E-11  1.786691E+02
 4.2100000E+02  2.452629E-11  1.786581E+02
 4.2200000E+02  2.451211E-11  1.786474E+02
 4.2300000E+02  2.455618E-11  1.786389E+02
 4.2400000E+02  2.457579E-11  1.786241E+02
 4.2500000E+02  2.461042E-11  1.786095E+02
 4.2600000E+02  2.452929E-11  1.785927E+02
 4.2700000E+02  2.463164E-11  1.785845E+02
 4.2800000E+02  2.466746E-11  1.785710E+02
 4.2900000E+02  2.475959E-11  1.785581E+02
 4.3000000E+02  2.481060E-11  1.785485E+02
 4.3100000E+02  2.492761E-11  1.785368E+02
 4.3200000E+02  2.498422E-11  1.785198E+02
 4.3300000E+02  2.505549E-11  1.785099E+02
 4.3400000E+02  2.507328E-11  1.784982E+02
 4.3500000E+02  2.518542E-11  1.784876E+02
 4.3600000E+02  2.532338E-11  1.784737E+02
 4.3700000E+02  2.532983E-11  1.784646E+02
 4.3800000E+02  2.530179E-11  1.784473E+02
 4.3900000E+02  2.535254E-11  1.784380E+02
 4.4000000E+02  2.531614E-11  1.784268E+02
 4.4100000E+02  2.538620E-11  1.784138E+02
 4.4200000E+02  2.541034E-11  1.783984E+02
 4.4300000E+02  2.537257E-11  1.783879E+02
 4.4400000E+02  2.530544E-11  1.783753E+02
 4.4500000E+02  2.527053E-11  1.783672E+02
 4.4600000E+02  2.513968E-11  1.783541E+02
 4.4700000E+02  2.494552E-11  1.783401E+02
 4.4800000E+02  2.480027E-11  1.783273E+02
 4.4900000E+02  2.450718E-11  1.783173E+02
 4.5000000E+02  2.390758E-11  1.783037E+02
 4.5100000E+02  2.247363E-11  1.782942E+02
 4.5200000E+02  1.344343E-11  1.782815E+02
 4.5300000E+02  1.018950E-12  1.782615E+02
 4.5400000E+02  2.547709E-13  1.782484E+02
 4.5500000E+02  1.077270E-13  1.782349E+02
 4.5600000E+02  9.268579E-14  1.782267E+02
 4.5700000E+02  1.637070E-13  1.782136E+02
 4.5800000E+02  3.800281E-13  1.782035E+02
 4.5900000E+02  9.941406E-14  1.781913E+02
 4.6000000E+02  1.218929E-13  1.781809E+02
 4.6100000E+02  1.607779E-13  1.781700E+02
 4.6200000E+02  8.120602E-14  1.781552E+02
 4.6300000E+02  9.409520E-14  1.781413E+02
 4.6400000E+02  1.995407E-13  1.781311E+02
 4.6500000E+02  2.973730E-13  1.781215E+02
END
