
 2.7000000E+02  9.003283E-13  2.255200E+02
 2.7100000E+02  8.851473E-13  2.254835E+02
 2.7200000E+02  9.082078E-13  2.254581E+02
 2.7300000E+02  8.991593E-13  2.254381E+02
 2.7400000E+02  9.150950E-13  2.254176E+02
 2.7500000E+02  9.404146E-13  2.253871E+02
 2.7600000E+02  8.907025E-13  2.253623E+02
 2.7700000E+02  9.036548E-13  2.253378E+02
 2.7800000E+02  8.208072E-13  2.253118E+02
 2.7900000E+02  8.647674E-13  2.252915E+02
 2.8000000E+02  9.210737E-13  2.252702E+02
 2.8100000E+02  9.112485E-13  2.252472E+02
 2.8200000E+02  9.257758E-13  2.252194E+02
 2.8300000E+02  9.629491E-13  2.251965E+02
 2.8400000E+02  9.267987E-12  2.251767E+02
 2.8500000E+02  7.977217E-12  2.251552E+02
 2.8600000E+02  5.788942E-12  2.251253E+02
 2.8700000E+02  6.665967E-12  2.251027E+02
 2.8800000E+02  6.821881E-12  2.250789E+02
 2.8900000E+02  7.034003E-12  2.250584E+02
 2.9000000E+02  9.031442E-12  2.250355E+02
 2.9100000E+02  2.633416E-11  2.250143E+02
 2.9200000E+02  2.583363E-11  2.249681E+02
 2.9300000E+02  2.092350E-11  2.249481E+02
 2.9400000E+02  2.049984E-11  2.249270E+02
 2.9500000E+02  2.113513E-11  2.249025E+02
 2.9600000E+02  2.227088E-11  2.248760E+02
 2.9700000E+02  2.245426E-11  2.248567E+02
 2.9800000E+02  2.206448E-11  2.248324E+02
 2.9900000E+02  2.208208E-11  2.248123E+02
 3.0000000E+02  2.260696E-11  2.247868E+02
 3.0100000E+02  2.301868E-11  2.247664E+02
 3.0200000E+02  2.396679E-11  2.247461E+02
 3.0300000E+02  2.421741E-11  2.247225E+02
 3.0400000E+02  2.332944E-11  2.247011E+02
 3.0500000E+02  2.309218E-11  2.246730E+02
 3.0600000E+02  2.383280E-11  2.246473E+02
 3.0700000E+02  2.341611E-11  2.246215E+02
 3.0800000E+02  2.212467E-11  2.246019E+02
 3.0900000E+02  2.017683E-11  2.245784E+02
 3.1000000E+02  1.799916E-11  2.245560E+02
 3.1100000E+02  1.590940E-11  2.245196E+02
 3.1200000E+02  1.450926E-11  2.244993E+02
 3.1300000E+02  1.395384E-11  2.244805E+02
 3.1400000E+02  1.368883E-11  2.244552E+02
 3.1500000E+02  1.356930E-11  2.244260E+02
 3.1600000E+02  1.348822E-11  2.244051E+02
 3.1700000E+02  1.352807E-11  2.243850E+02
 3.1800000E+02  1.370782E-11  2.243660E+02
 3.1900000E+02  1.403549E-11  2.243437E+02
 3.2000000E+02  1.449426E-11  2.243263E+02
 3.2100000E+02  1.500749E-11  2.242987E+02
 3.2200000E+02  1.565365E-11  2.242798E+02
 3.2300000E+02  1.635473E-11  2.242547E+02
 3.2400000E+02  1.704749E-11  2.242360E+02
 3.2500000E+02  1.766084E-11  2.242051E+02
 3.2600000E+02  1.807922E-11  2.241850E+02
 3.2700000E+02  1.831408E-11  2.241632E+02
 3.2800000E+02  1.842902E-11  2.241401E+02
 3.2900000E+02  1.849104E-11  2.241248E+02
 3.3000000E+02  1.833601E-11  2.241042E+02
 3.3100000E+02  1.810346E-11  2.240831E+02
 3.3200000E+02  1.772291E-11  2.240542E+02
 3.3300000E+02  1.729091E-11  2.240343E+02
 3.3400000E+02  1.688308E-11  2.240149E+02
 3.3500000E+02  1.645821E-11  2.239959E+02
 3.3600000E+02  1.610573E-11  2.239698E+02
 3.3700000E+02  1.583500E-11  2.239438E+02
 3.3800000E+02  1.565087E-11  2.239232E+02
 3.3900000E+02  1.553347E-11  2.239043E+02
 3.4000000E+02  1.553933E-11  2.238850E+02
 3.4100000E+02  1.562424E-11  2.238637E+02
 3.4200000E+02  1.582076E-11  2.238438E+02
 3.4300000E+02  1.598018E-11  2.238200E+02
 3.4400000E+02  1.622368E-11  2.237983E+02
 3.4500000E+02  1.644211E-11  2.237784E+02
 3.4600000E+02  1.645116E-11  2.237609E+02
 3.4700000E+02  1.631226E-11  2.237397E+02
 3.4800000E+02  1.452195E-11  2.237141E+02
 3.4900000E+02  1.679679E-11  2.236933E+02
 3.5000000E+02  1.652814E-11  2.236752E+02
 3.5100000E+02  1.560016E-11  2.236490E+02
 3.5200000E+02  1.684736E-11  2.236281E+02
 3.5300000E+02  1.707814E-11  2.236103E+02
 3.5400000E+02  1.727236E-11  2.235949E+02
 3.5500000E+02  1.746913E-11  2.235742E+02
 3.5600000E+02  1.770281E-11  2.235485E+02
 3.5700000E+02  1.796517E-11  2.235291E+02
 3.5800000E+02  1.824699E-11  2.235095E+02
 3.5900000E+02  1.846364E-11  2.234852E+02
 3.6000000E+02  1.872961E-11  2.234654E+02
 3.6100000E+02  1.892025E-11  2.234454E+02
 3.6200000E+02  1.914131E-11  2.234243E+02
 3.6300000E+02  1.929320E-11  2.233995E+02
 3.6400000E+02  1.946326E-11  2.233867E+02
 3.6500000E+02  1.965617E-11  2.233595E+02
 3.6600000E+02  1.978332E-11  2.233400E+02
 3.6700000E+02  1.992956E-11  2.233199E+02
 3.6800000E+02  2.004996E-11  2.232996E+02
 3.6900000E+02  2.010651E-11  2.232752E+02
 3.7000000E+02  2.010032E-11  2.232551E+02
 3.7100000E+02  2.012630E-11  2.232349E+02
 3.7200000E+02  2.011898E-11  2.232101E+02
 3.7300000E+02  2.011010E-11  2.231951E+02
 3.7400000E+02  2.005537E-11  2.231716E+02
 3.7500000E+02  2.009805E-11  2.231496E+02
 3.7600000E+02  2.019720E-11  2.231310E+02
 3.7700000E+02  2.028917E-11  2.231112E+02
 3.7800000E+02  2.043888E-11  2.230919E+02
 3.7900000E+02  2.055116E-11  2.230725E+02
 3.8000000E+02  2.072130E-11  2.230576E+02
 3.8100000E+02  2.085076E-11  2.230321E+02
 3.8200000E+02  2.131532E-11  2.230144E+02
 3.8300000E+02  2.122508E-11  2.229771E+02
 3.8400000E+02  2.136191E-11  2.229528E+02
 3.8500000E+02  2.144260E-11  2.229388E+02
 3.8600000E+02  2.161537E-11  2.229130E+02
 3.8700000E+02  2.168876E-11  2.228932E+02
 3.8800000E+02  2.170417E-11  2.228790E+02
 3.8900000E+02  2.175744E-11  2.228583E+02
 3.9000000E+02  2.170491E-11  2.228403E+02
 3.9100000E+02  2.171869E-11  2.228158E+02
 3.9200000E+02  2.162292E-11  2.228009E+02
 3.9300000E+02  2.153568E-11  2.227858E+02
 3.9400000E+02  2.154635E-11  2.227652E+02
 3.9500000E+02  2.148287E-11  2.227401E+02
 3.9600000E+02  2.129094E-11  2.227203E+02
 3.9700000E+02  2.115564E-11  2.227003E+02
 3.9800000E+02  2.101861E-11  2.226862E+02
 3.9900000E+02  2.116068E-11  2.226605E+02
 4.0000000E+02  2.136837E-11  2.226420E+02
 4.0100000E+02  2.161104E-11  2.226213E+02
 4.0200000E+02  2.159056E-11  2.226054E+02
 4.0300000E+02  2.165678E-11  2.225820E+02
 4.0400000E+02  2.165911E-11  2.225625E+02
 4.0500000E+02  2.175300E-11  2.225437E+02
 4.0600000E+02  2.187133E-11  2.225285E+02
 4.0700000E+02  2.193400E-11  2.225090E+02
 4.0800000E+02  2.195014E-11  2.224890E+02
 4.0900000E+02  2.198993E-11  2.224720E+02
 4.1000000E+02  2.199744E-11  2.224520E+02
 4.1100000E+02  2.201266E-11  2.224236E+02
 4.1200000E+02  2.192791E-11  2.224098E+02
 4.1300000E+02  2.183100E-11  2.223898E+02
 4.1400000E+02  2.173449E-11  2.223700E+02
 4.1500000E+02  2.163237E-11  2.223504E+02
 4.1600000E+02  2.152545E-11  2.223303E+02
 4.1700000E+02  2.141957E-11  2.223151E+02
 4.1800000E+02  2.127708E-11  2.222956E+02
 4.1900000E+02  2.113240E-11  2.222713E+02
 4.2000000E+02  2.097881E-11  2.222569E+02
 4.2100000E+02  2.086178E-11  2.222375E+02
 4.2200000E+02  2.074131E-11  2.222163E+02
 4.2300000E+02  2.067633E-11  2.222024E+02
 4.2400000E+02  2.056494E-11  2.221841E+02
 4.2500000E+02  2.055261E-11  2.221631E+02
 4.2600000E+02  2.054627E-11  2.221441E+02
 4.2700000E+02  2.056618E-11  2.221183E+02
 4.2800000E+02  2.056392E-11  2.221047E+02
 4.2900000E+02  2.065183E-11  2.220852E+02
 4.3000000E+02  2.067357E-11  2.220711E+02
 4.3100000E+02  2.067787E-11  2.220509E+02
 4.3200000E+02  2.074923E-11  2.220312E+02
 4.3300000E+02  2.082228E-11  2.220055E+02
 4.3400000E+02  2.088999E-11  2.219886E+02
 4.3500000E+02  2.090992E-11  2.219717E+02
 4.3600000E+02  2.097105E-11  2.219563E+02
 4.3700000E+02  2.102954E-11  2.219378E+02
 4.3800000E+02  2.106548E-11  2.219226E+02
 4.3900000E+02  2.112640E-11  2.219025E+02
 4.4000000E+02  2.116263E-11  2.218846E+02
 4.4100000E+02  2.121708E-11  2.218626E+02
 4.4200000E+02  2.117064E-11  2.218425E+02
 4.4300000E+02  2.117199E-11  2.218234E+02
 4.4400000E+02  2.114688E-11  2.218095E+02
 4.4500000E+02  2.104281E-11  2.217948E+02
 4.4600000E+02  2.095406E-11  2.217692E+02
 4.4700000E+02  2.078262E-11  2.217555E+02
 4.4800000E+02  2.059244E-11  2.217351E+02
 4.4900000E+02  2.031612E-11  2.217217E+02
 4.5000000E+02  1.984659E-11  2.217014E+02
 4.5100000E+02  1.877502E-11  2.216732E+02
 4.5200000E+02  1.187983E-11  2.216528E+02
 4.5300000E+02  9.586738E-13  2.216343E+02
 4.5400000E+02  2.486027E-13  2.216189E+02
 4.5500000E+02  1.749108E-13  2.215996E+02
 4.5600000E+02  1.522800E-13  2.215814E+02
 4.5700000E+02  1.914695E-13  2.215650E+02
 4.5800000E+02  3.215850E-13  2.215465E+02
 4.5900000E+02  1.232452E-13  2.215308E+02
 4.6000000E+02  1.166125E-13  2.215114E+02
END
