
 2.8000000E+02  2.146229E-12  1.775715E+02
 2.8005000E+02  2.082779E-12  1.775666E+02
 2.8010000E+02  2.056492E-12  1.775599E+02
 2.8015000E+02  2.091561E-12  1.775572E+02
 2.8020000E+02  2.121100E-12  1.775484E+02
 2.8025000E+02  2.083841E-12  1.775424E+02
 2.8030000E+02  2.116718E-12  1.775391E+02
 2.8035000E+02  2.057940E-12  1.775323E+02
 2.8040000E+02  2.124760E-12  1.775269E+02
 2.8045000E+02  2.101895E-12  1.775204E+02
 2.8050000E+02  2.131348E-12  1.775169E+02
 2.8055000E+02  2.104668E-12  1.775111E+02
 2.8060000E+02  2.129502E-12  1.775044E+02
 2.8065000E+02  2.070668E-12  1.774951E+02
 2.8070000E+02  2.047548E-12  1.774918E+02
 2.8075000E+02  2.050871E-12  1.774856E+02
 2.8080000E+02  2.145803E-12  1.774856E+02
 2.8085000E+02  2.054562E-12  1.774801E+02
 2.8090000E+02  2.101704E-12  1.774693E+02
 2.8095000E+02  2.142862E-12  1.774630E+02
 2.8100000E+02  2.089219E-12  1.774566E+02
 2.8105000E+02  2.020517E-12  1.774542E+02
 2.8110000E+02  2.012598E-12  1.774463E+02
 2.8115000E+02  2.026599E-12  1.774405E+02
 2.8120000E+02  2.005255E-12  1.774373E+02
 2.8125000E+02  2.007905E-12  1.774310E+02
 2.8130000E+02  2.044386E-12  1.774267E+02
 2.8135000E+02  1.989026E-12  1.774201E+02
 2.8140000E+02  1.995778E-12  1.774134E+02
 2.8145000E+02  1.994351E-12  1.774067E+02
 2.8150000E+02  1.984673E-12  1.774047E+02
 2.8155000E+02  2.078285E-12  1.773974E+02
 2.8160000E+02  2.012393E-12  1.773919E+02
 2.8165000E+02  2.034951E-12  1.773893E+02
 2.8170000E+02  2.088718E-12  1.773828E+02
 2.8175000E+02  2.014794E-12  1.773733E+02
 2.8180000E+02  2.068242E-12  1.773723E+02
 2.8185000E+02  2.074409E-12  1.773633E+02
 2.8190000E+02  2.012259E-12  1.773570E+02
 2.8195000E+02  2.000529E-12  1.773544E+02
 2.8200000E+02  2.081496E-12  1.773470E+02
 2.8205000E+02  2.022531E-12  1.773399E+02
 2.8210000E+02  2.061637E-12  1.773368E+02
 2.8215000E+02  2.064989E-12  1.773290E+02
 2.8220000E+02  2.068031E-12  1.773239E+02
 2.8225000E+02  2.118338E-12  1.773210E+02
 2.8230000E+02  2.054247E-12  1.773133E+02
 2.8235000E+02  2.096880E-12  1.773116E+02
 2.8240000E+02  2.064788E-12  1.773031E+02
 2.8245000E+02  2.071398E-12  1.772945E+02
 2.8250000E+02  2.047230E-12  1.772909E+02
 2.8255000E+02  2.036067E-12  1.772852E+02
 2.8260000E+02  2.022208E-12  1.772790E+02
 2.8265000E+02  2.057800E-12  1.772716E+02
 2.8270000E+02  2.046387E-12  1.772679E+02
 2.8275000E+02  2.074876E-12  1.772606E+02
 2.8280000E+02  2.103599E-12  1.772566E+02
 2.8285000E+02  2.118951E-12  1.772486E+02
 2.8290000E+02  2.132168E-12  1.772458E+02
 2.8295000E+02  2.156099E-12  1.772396E+02
 2.8300000E+02  2.199508E-12  1.772336E+02
 2.8305000E+02  2.275994E-12  1.772269E+02
 2.8310000E+02  2.359334E-12  1.772209E+02
 2.8315000E+02  2.394835E-12  1.772171E+02
 2.8320000E+02  2.508416E-12  1.772096E+02
 2.8325000E+02  2.677379E-12  1.772036E+02
 2.8330000E+02  2.784442E-12  1.771992E+02
 2.8335000E+02  2.956460E-12  1.771956E+02
 2.8340000E+02  3.235873E-12  1.771890E+02
 2.8345000E+02  3.516681E-12  1.771818E+02
 2.8350000E+02  3.931197E-12  1.771781E+02
 2.8355000E+02  4.574698E-12  1.771716E+02
 2.8360000E+02  5.459658E-12  1.771645E+02
 2.8365000E+02  6.381934E-12  1.771622E+02
 2.8370000E+02  7.308600E-12  1.771559E+02
 2.8375000E+02  8.202540E-12  1.771488E+02
 2.8380000E+02  8.873432E-12  1.771403E+02
 2.8385000E+02  9.764547E-12  1.771364E+02
 2.8390000E+02  1.067189E-11  1.771294E+02
 2.8395000E+02  1.194028E-11  1.771230E+02
 2.8400000E+02  1.360390E-11  1.771201E+02
 2.8405000E+02  1.532619E-11  1.771127E+02
 2.8410000E+02  1.658177E-11  1.771069E+02
 2.8415000E+02  1.736179E-11  1.771007E+02
 2.8420000E+02  1.784919E-11  1.770978E+02
 2.8425000E+02  1.806640E-11  1.770906E+02
 2.8430000E+02  1.837660E-11  1.770840E+02
 2.8435000E+02  1.859015E-11  1.770788E+02
 2.8440000E+02  1.875842E-11  1.770753E+02
 2.8445000E+02  1.885821E-11  1.770683E+02
 2.8450000E+02  1.880035E-11  1.770589E+02
 2.8455000E+02  1.846694E-11  1.770574E+02
 2.8460000E+02  1.803177E-11  1.770504E+02
 2.8465000E+02  1.756756E-11  1.770432E+02
 2.8470000E+02  1.704964E-11  1.770405E+02
 2.8475000E+02  1.654166E-11  1.770332E+02
 2.8480000E+02  1.584122E-11  1.770270E+02
 2.8485000E+02  1.498277E-11  1.770235E+02
 2.8490000E+02  1.385527E-11  1.770163E+02
 2.8495000E+02  1.259769E-11  1.770096E+02
 2.8500000E+02  1.146273E-11  1.770058E+02
 2.8505000E+02  1.065238E-11  1.769982E+02
 2.8510000E+02  1.006209E-11  1.769948E+02
 2.8515000E+02  9.703390E-12  1.769912E+02
 2.8520000E+02  9.552739E-12  1.769865E+02
 2.8525000E+02  9.419020E-12  1.769781E+02
 2.8530000E+02  9.299077E-12  1.769722E+02
 2.8535000E+02  9.203552E-12  1.769691E+02
 2.8540000E+02  9.135383E-12  1.769593E+02
 2.8545000E+02  9.037887E-12  1.769524E+02
 2.8550000E+02  8.992631E-12  1.769491E+02
 2.8555000E+02  9.007820E-12  1.769429E+02
 2.8560000E+02  8.995520E-12  1.769372E+02
 2.8565000E+02  8.989262E-12  1.769338E+02
 2.8570000E+02  8.997714E-12  1.769286E+02
 2.8575000E+02  8.944014E-12  1.769209E+02
 2.8580000E+02  8.983037E-12  1.769138E+02
 2.8585000E+02  9.038851E-12  1.769106E+02
 2.8590000E+02  9.107240E-12  1.769056E+02
 2.8595000E+02  9.336687E-12  1.769014E+02
 2.8600000E+02  9.413553E-12  1.768955E+02
 2.8605000E+02  9.474110E-12  1.768905E+02
 2.8610000E+02  9.498277E-12  1.768826E+02
 2.8615000E+02  9.603614E-12  1.768769E+02
 2.8620000E+02  9.579569E-12  1.768695E+02
 2.8625000E+02  9.634557E-12  1.768608E+02
 2.8630000E+02  9.800327E-12  1.768579E+02
 2.8635000E+02  9.818498E-12  1.768508E+02
 2.8640000E+02  9.925653E-12  1.768463E+02
 2.8645000E+02  1.001285E-11  1.768427E+02
 2.8650000E+02  1.006483E-11  1.768370E+02
 2.8655000E+02  1.018230E-11  1.768308E+02
 2.8660000E+02  1.023438E-11  1.768271E+02
 2.8665000E+02  1.026245E-11  1.768205E+02
 2.8670000E+02  1.028140E-11  1.768131E+02
 2.8675000E+02  1.038808E-11  1.768066E+02
 2.8680000E+02  1.057871E-11  1.768022E+02
 2.8685000E+02  1.063000E-11  1.767975E+02
 2.8690000E+02  1.086168E-11  1.767913E+02
 2.8695000E+02  1.097966E-11  1.767876E+02
 2.8700000E+02  1.116787E-11  1.767805E+02
 2.8705000E+02  1.135254E-11  1.767729E+02
 2.8710000E+02  1.154563E-11  1.767654E+02
 2.8715000E+02  1.173696E-11  1.767607E+02
 2.8720000E+02  1.190452E-11  1.767550E+02
 2.8725000E+02  1.205028E-11  1.767504E+02
 2.8730000E+02  1.207075E-11  1.767464E+02
 2.8735000E+02  1.206508E-11  1.767399E+02
 2.8740000E+02  1.210132E-11  1.767355E+02
 2.8745000E+02  1.207457E-11  1.767311E+02
 2.8750000E+02  1.203054E-11  1.767234E+02
 2.8755000E+02  1.196459E-11  1.767162E+02
 2.8760000E+02  1.193233E-11  1.767128E+02
 2.8765000E+02  1.186608E-11  1.767060E+02
 2.8770000E+02  1.177087E-11  1.767007E+02
 2.8775000E+02  1.167697E-11  1.766936E+02
 2.8780000E+02  1.152035E-11  1.766907E+02
 2.8785000E+02  1.144703E-11  1.766832E+02
 2.8790000E+02  1.138722E-11  1.766768E+02
 2.8795000E+02  1.132919E-11  1.766744E+02
 2.8800000E+02  1.134529E-11  1.766640E+02
 2.8805000E+02  1.127015E-11  1.766585E+02
 2.8810000E+02  1.124712E-11  1.766523E+02
 2.8815000E+02  1.131044E-11  1.766487E+02
 2.8820000E+02  1.126214E-11  1.766411E+02
 2.8825000E+02  1.126305E-11  1.766362E+02
 2.8830000E+02  1.123624E-11  1.766329E+02
 2.8835000E+02  1.125530E-11  1.766273E+02
 2.8840000E+02  1.123156E-11  1.766229E+02
 2.8845000E+02  1.119192E-11  1.766182E+02
 2.8850000E+02  1.114548E-11  1.766112E+02
 2.8855000E+02  1.122711E-11  1.766046E+02
 2.8860000E+02  1.115050E-11  1.766004E+02
 2.8865000E+02  1.114656E-11  1.765951E+02
 2.8870000E+02  1.114683E-11  1.765892E+02
 2.8875000E+02  1.111577E-11  1.765861E+02
 2.8880000E+02  1.116265E-11  1.765804E+02
 2.8885000E+02  1.109676E-11  1.765731E+02
 2.8890000E+02  1.104409E-11  1.765646E+02
 2.8895000E+02  1.102890E-11  1.765601E+02
 2.8900000E+02  1.098868E-11  1.765532E+02
 2.8905000E+02  1.096626E-11  1.765466E+02
 2.8910000E+02  1.086569E-11  1.765450E+02
 2.8915000E+02  1.075635E-11  1.765380E+02
 2.8920000E+02  1.066037E-11  1.765341E+02
 2.8925000E+02  1.037017E-11  1.765271E+02
 2.8930000E+02  1.029766E-11  1.765209E+02
 2.8935000E+02  1.024255E-11  1.765168E+02
 2.8940000E+02  1.034225E-11  1.765122E+02
 2.8945000E+02  1.034580E-11  1.765058E+02
 2.8950000E+02  1.046022E-11  1.764987E+02
 2.8955000E+02  1.060646E-11  1.764919E+02
 2.8960000E+02  1.070399E-11  1.764886E+02
 2.8965000E+02  1.084872E-11  1.764839E+02
 2.8970000E+02  1.106269E-11  1.764795E+02
 2.8975000E+02  1.119537E-11  1.764743E+02
 2.8980000E+02  1.135091E-11  1.764676E+02
 2.8985000E+02  1.148527E-11  1.764635E+02
 2.8990000E+02  1.155538E-11  1.764581E+02
 2.8995000E+02  1.168262E-11  1.764505E+02
 2.9000000E+02  1.170218E-11  1.764482E+02
 2.9005000E+02  1.186350E-11  1.764411E+02
 2.9010000E+02  1.192106E-11  1.764401E+02
 2.9015000E+02  1.214936E-11  1.764305E+02
 2.9020000E+02  1.244380E-11  1.764232E+02
 2.9025000E+02  1.282240E-11  1.764203E+02
 2.9030000E+02  1.322293E-11  1.764137E+02
 2.9035000E+02  1.373338E-11  1.764072E+02
 2.9040000E+02  1.415332E-11  1.764036E+02
 2.9045000E+02  1.451541E-11  1.763981E+02
 2.9050000E+02  1.505662E-11  1.763911E+02
 2.9055000E+02  1.570627E-11  1.763869E+02
 2.9060000E+02  1.636975E-11  1.763808E+02
 2.9065000E+02  1.705290E-11  1.763743E+02
 2.9070000E+02  1.733170E-11  1.763715E+02
 2.9075000E+02  1.733383E-11  1.763652E+02
 2.9080000E+02  1.722619E-11  1.763628E+02
 2.9085000E+02  1.694262E-11  1.763569E+02
 2.9090000E+02  1.673640E-11  1.763500E+02
 2.9095000E+02  1.645573E-11  1.763456E+02
 2.9100000E+02  1.615066E-11  1.763391E+02
 2.9105000E+02  1.590698E-11  1.763335E+02
 2.9110000E+02  1.575828E-11  1.763264E+02
 2.9115000E+02  1.573739E-11  1.763203E+02
 2.9120000E+02  1.575342E-11  1.763128E+02
 2.9125000E+02  1.583345E-11  1.763113E+02
 2.9130000E+02  1.595234E-11  1.763048E+02
 2.9135000E+02  1.605644E-11  1.762977E+02
 2.9140000E+02  1.606803E-11  1.762944E+02
 2.9145000E+02  1.614862E-11  1.762879E+02
 2.9150000E+02  1.618214E-11  1.762814E+02
 2.9155000E+02  1.616543E-11  1.762791E+02
 2.9160000E+02  1.626837E-11  1.762736E+02
 2.9165000E+02  1.630925E-11  1.762671E+02
 2.9170000E+02  1.635574E-11  1.762654E+02
 2.9175000E+02  1.633844E-11  1.762559E+02
 2.9180000E+02  1.635943E-11  1.762499E+02
 2.9185000E+02  1.636453E-11  1.762440E+02
 2.9190000E+02  1.646472E-11  1.762401E+02
 2.9195000E+02  1.634920E-11  1.762349E+02
 2.9200000E+02  1.640724E-11  1.762249E+02
 2.9205000E+02  1.637263E-11  1.762201E+02
 2.9210000E+02  1.633589E-11  1.762135E+02
 2.9215000E+02  1.619159E-11  1.762073E+02
 2.9220000E+02  1.612646E-11  1.762051E+02
 2.9225000E+02  1.607011E-11  1.761990E+02
 2.9230000E+02  1.602030E-11  1.761935E+02
 2.9235000E+02  1.606172E-11  1.761902E+02
 2.9240000E+02  1.594293E-11  1.761829E+02
 2.9245000E+02  1.589538E-11  1.761754E+02
 2.9250000E+02  1.582224E-11  1.761726E+02
 2.9255000E+02  1.584097E-11  1.761657E+02
 2.9260000E+02  1.581988E-11  1.761602E+02
 2.9265000E+02  1.570318E-11  1.761580E+02
 2.9270000E+02  1.561537E-11  1.761525E+02
 2.9275000E+02  1.566651E-11  1.761446E+02
 2.9280000E+02  1.561930E-11  1.761417E+02
 2.9285000E+02  1.553961E-11  1.761360E+02
 2.9290000E+02  1.556921E-11  1.761252E+02
 2.9295000E+02  1.552201E-11  1.761200E+02
 2.9300000E+02  1.549838E-11  1.761151E+02
 2.9305000E+02  1.541187E-11  1.761102E+02
 2.9310000E+02  1.535134E-11  1.761026E+02
 2.9315000E+02  1.529502E-11  1.760999E+02
 2.9320000E+02  1.528698E-11  1.760923E+02
 2.9325000E+02  1.533335E-11  1.760879E+02
 2.9330000E+02  1.530628E-11  1.760841E+02
 2.9335000E+02  1.536734E-11  1.760773E+02
 2.9340000E+02  1.533350E-11  1.760708E+02
 2.9345000E+02  1.535976E-11  1.760668E+02
 2.9350000E+02  1.530202E-11  1.760616E+02
 2.9355000E+02  1.532955E-11  1.760568E+02
 2.9360000E+02  1.537052E-11  1.760539E+02
 2.9365000E+02  1.530937E-11  1.760459E+02
 2.9370000E+02  1.530800E-11  1.760441E+02
 2.9375000E+02  1.533153E-11  1.760356E+02
 2.9380000E+02  1.530125E-11  1.760280E+02
 2.9385000E+02  1.529514E-11  1.760208E+02
 2.9390000E+02  1.535274E-11  1.760185E+02
 2.9395000E+02  1.533704E-11  1.760129E+02
 2.9400000E+02  1.532011E-11  1.760085E+02
 2.9405000E+02  1.532131E-11  1.760030E+02
 2.9410000E+02  1.522882E-11  1.759960E+02
 2.9415000E+02  1.522354E-11  1.759925E+02
 2.9420000E+02  1.519089E-11  1.759861E+02
 2.9425000E+02  1.511828E-11  1.759800E+02
 2.9430000E+02  1.514273E-11  1.759767E+02
 2.9435000E+02  1.507505E-11  1.759710E+02
 2.9440000E+02  1.508704E-11  1.759635E+02
 2.9445000E+02  1.510191E-11  1.759598E+02
 2.9450000E+02  1.504460E-11  1.759549E+02
 2.9455000E+02  1.511044E-11  1.759508E+02
 2.9460000E+02  1.498177E-11  1.759393E+02
 2.9465000E+02  1.494802E-11  1.759369E+02
 2.9470000E+02  1.498139E-11  1.759306E+02
 2.9475000E+02  1.497128E-11  1.759247E+02
 2.9480000E+02  1.497857E-11  1.759227E+02
 2.9485000E+02  1.496372E-11  1.759159E+02
 2.9490000E+02  1.501765E-11  1.759083E+02
 2.9495000E+02  1.498728E-11  1.759035E+02
 2.9500000E+02  1.495100E-11  1.759003E+02
 2.9505000E+02  1.493355E-11  1.758944E+02
 2.9510000E+02  1.487351E-11  1.758844E+02
 2.9515000E+02  1.485698E-11  1.758823E+02
 2.9520000E+02  1.480645E-11  1.758753E+02
 2.9525000E+02  1.479454E-11  1.758689E+02
 2.9530000E+02  1.482765E-11  1.758621E+02
 2.9535000E+02  1.482743E-11  1.758582E+02
 2.9540000E+02  1.477580E-11  1.758525E+02
 2.9545000E+02  1.478361E-11  1.758451E+02
 2.9550000E+02  1.476914E-11  1.758430E+02
 2.9555000E+02  1.472913E-11  1.758365E+02
 2.9560000E+02  1.474461E-11  1.758323E+02
 2.9565000E+02  1.469152E-11  1.758268E+02
 2.9570000E+02  1.464145E-11  1.758201E+02
 2.9575000E+02  1.458358E-11  1.758148E+02
 2.9580000E+02  1.452112E-11  1.758103E+02
 2.9585000E+02  1.457833E-11  1.758057E+02
 2.9590000E+02  1.455322E-11  1.757981E+02
 2.9595000E+02  1.449810E-11  1.757929E+02
 2.9600000E+02  1.445608E-11  1.757899E+02
 2.9605000E+02  1.447561E-11  1.757814E+02
 2.9610000E+02  1.454346E-11  1.757768E+02
 2.9615000E+02  1.448038E-11  1.757710E+02
 2.9620000E+02  1.450907E-11  1.757654E+02
 2.9625000E+02  1.446241E-11  1.757625E+02
 2.9630000E+02  1.449437E-11  1.757548E+02
 2.9635000E+02  1.447055E-11  1.757491E+02
 2.9640000E+02  1.442037E-11  1.757459E+02
 2.9645000E+02  1.432688E-11  1.757402E+02
 2.9650000E+02  1.432275E-11  1.757318E+02
 2.9655000E+02  1.430942E-11  1.757289E+02
 2.9660000E+02  1.428529E-11  1.757243E+02
 2.9665000E+02  1.428868E-11  1.757197E+02
 2.9670000E+02  1.425263E-11  1.757099E+02
 2.9675000E+02  1.423539E-11  1.757039E+02
 2.9680000E+02  1.419591E-11  1.756987E+02
 2.9685000E+02  1.418723E-11  1.756917E+02
 2.9690000E+02  1.418702E-11  1.756879E+02
 2.9695000E+02  1.423334E-11  1.756825E+02
 2.9700000E+02  1.413386E-11  1.756784E+02
 2.9705000E+02  1.407553E-11  1.756729E+02
 2.9710000E+02  1.404905E-11  1.756655E+02
 2.9715000E+02  1.402473E-11  1.756634E+02
 2.9720000E+02  1.403780E-11  1.756566E+02
 2.9725000E+02  1.405522E-11  1.756510E+02
 2.9730000E+02  1.408158E-11  1.756466E+02
 2.9735000E+02  1.405466E-11  1.756403E+02
 2.9740000E+02  1.402352E-11  1.756372E+02
 2.9745000E+02  1.402398E-11  1.756284E+02
 2.9750000E+02  1.404823E-11  1.756234E+02
 2.9755000E+02  1.395686E-11  1.756179E+02
 2.9760000E+02  1.401461E-11  1.756109E+02
 2.9765000E+02  1.398622E-11  1.756086E+02
 2.9770000E+02  1.404093E-11  1.756026E+02
 2.9775000E+02  1.401921E-11  1.755961E+02
 2.9780000E+02  1.406201E-11  1.755933E+02
 2.9785000E+02  1.403465E-11  1.755868E+02
 2.9790000E+02  1.396423E-11  1.755814E+02
 2.9795000E+02  1.393064E-11  1.755781E+02
 2.9800000E+02  1.401802E-11  1.755711E+02
 2.9805000E+02  1.392047E-11  1.755695E+02
 2.9810000E+02  1.384184E-11  1.755581E+02
 2.9815000E+02  1.394694E-11  1.755529E+02
 2.9820000E+02  1.386622E-11  1.755489E+02
 2.9825000E+02  1.388820E-11  1.755416E+02
 2.9830000E+02  1.391242E-11  1.755360E+02
 2.9835000E+02  1.395999E-11  1.755292E+02
 2.9840000E+02  1.389473E-11  1.755261E+02
 2.9845000E+02  1.386929E-11  1.755200E+02
 2.9850000E+02  1.390891E-11  1.755147E+02
 2.9855000E+02  1.391563E-11  1.755108E+02
 2.9860000E+02  1.392872E-11  1.755053E+02
 2.9865000E+02  1.392668E-11  1.754991E+02
 2.9870000E+02  1.395438E-11  1.754958E+02
 2.9875000E+02  1.391196E-11  1.754884E+02
 2.9880000E+02  1.394757E-11  1.754866E+02
 2.9885000E+02  1.392755E-11  1.754796E+02
 2.9890000E+02  1.397969E-11  1.754695E+02
 2.9895000E+02  1.401199E-11  1.754670E+02
 2.9900000E+02  1.396931E-11  1.754605E+02
 2.9905000E+02  1.396991E-11  1.754548E+02
 2.9910000E+02  1.397176E-11  1.754509E+02
 2.9915000E+02  1.397993E-11  1.754459E+02
 2.9920000E+02  1.402940E-11  1.754384E+02
 2.9925000E+02  1.397175E-11  1.754354E+02
 2.9930000E+02  1.393503E-11  1.754279E+02
 2.9935000E+02  1.395585E-11  1.754256E+02
 2.9940000E+02  1.399914E-11  1.754187E+02
 2.9945000E+02  1.398820E-11  1.754113E+02
 2.9950000E+02  1.398798E-11  1.754083E+02
 2.9955000E+02  1.402294E-11  1.754047E+02
 2.9960000E+02  1.408379E-11  1.754005E+02
 2.9965000E+02  1.401360E-11  1.753936E+02
 2.9970000E+02  1.399340E-11  1.753866E+02
 2.9975000E+02  1.407386E-11  1.753843E+02
 2.9980000E+02  1.401036E-11  1.753783E+02
 2.9985000E+02  1.406643E-11  1.753709E+02
 2.9990000E+02  1.406998E-11  1.753647E+02
 2.9995000E+02  1.406005E-11  1.753592E+02
 3.0000000E+02  1.408290E-11  1.753544E+02
 3.0005000E+02  1.408533E-11  1.753491E+02
 3.0010000E+02  1.410388E-11  1.753452E+02
 3.0015000E+02  1.415757E-11  1.753394E+02
 3.0020000E+02  1.411846E-11  1.753325E+02
 3.0025000E+02  1.415194E-11  1.753280E+02
 3.0030000E+02  1.417640E-11  1.753228E+02
 3.0035000E+02  1.414368E-11  1.753210E+02
 3.0040000E+02  1.416200E-11  1.753155E+02
 3.0045000E+02  1.417114E-11  1.753076E+02
 3.0050000E+02  1.419980E-11  1.753055E+02
 3.0055000E+02  1.424504E-11  1.752993E+02
 3.0060000E+02  1.426941E-11  1.752936E+02
 3.0065000E+02  1.424252E-11  1.752875E+02
 3.0070000E+02  1.428585E-11  1.752825E+02
 3.0075000E+02  1.429366E-11  1.752785E+02
 3.0080000E+02  1.431669E-11  1.752695E+02
 3.0085000E+02  1.432634E-11  1.752649E+02
 3.0090000E+02  1.434352E-11  1.752575E+02
 3.0095000E+02  1.440306E-11  1.752547E+02
 3.0100000E+02  1.434666E-11  1.752475E+02
 3.0105000E+02  1.434877E-11  1.752449E+02
 3.0110000E+02  1.442549E-11  1.752386E+02
 3.0115000E+02  1.446335E-11  1.752321E+02
 3.0120000E+02  1.452702E-11  1.752293E+02
 3.0125000E+02  1.449771E-11  1.752234E+02
 3.0130000E+02  1.454192E-11  1.752189E+02
 3.0135000E+02  1.456758E-11  1.752103E+02
 3.0140000E+02  1.456953E-11  1.752051E+02
 3.0145000E+02  1.463723E-11  1.751984E+02
 3.0150000E+02  1.459643E-11  1.751941E+02
 3.0155000E+02  1.464323E-11  1.751864E+02
 3.0160000E+02  1.473546E-11  1.751842E+02
 3.0165000E+02  1.475560E-11  1.751801E+02
 3.0170000E+02  1.476989E-11  1.751774E+02
 3.0175000E+02  1.478059E-11  1.751699E+02
 3.0180000E+02  1.488265E-11  1.751636E+02
 3.0185000E+02  1.485896E-11  1.751571E+02
 3.0190000E+02  1.490370E-11  1.751538E+02
 3.0195000E+02  1.489239E-11  1.751477E+02
 3.0200000E+02  1.491410E-11  1.751428E+02
 3.0205000E+02  1.496888E-11  1.751388E+02
 3.0210000E+02  1.506095E-11  1.751297E+02
 3.0215000E+02  1.502898E-11  1.751270E+02
 3.0220000E+02  1.515773E-11  1.751196E+02
 3.0225000E+02  1.516031E-11  1.751176E+02
 3.0230000E+02  1.524215E-11  1.751102E+02
 3.0235000E+02  1.516965E-11  1.751048E+02
 3.0240000E+02  1.523537E-11  1.750978E+02
 3.0245000E+02  1.519918E-11  1.750950E+02
 3.0250000E+02  1.526094E-11  1.750890E+02
 3.0255000E+02  1.531761E-11  1.750823E+02
 3.0260000E+02  1.529942E-11  1.750792E+02
 3.0265000E+02  1.537803E-11  1.750721E+02
 3.0270000E+02  1.534724E-11  1.750695E+02
 3.0275000E+02  1.535085E-11  1.750621E+02
 3.0280000E+02  1.535153E-11  1.750572E+02
 3.0285000E+02  1.528570E-11  1.750533E+02
 3.0290000E+02  1.531836E-11  1.750418E+02
 3.0295000E+02  1.524138E-11  1.750361E+02
 3.0300000E+02  1.536818E-11  1.750335E+02
 3.0305000E+02  1.531828E-11  1.750276E+02
 3.0310000E+02  1.532079E-11  1.750214E+02
 3.0315000E+02  1.535141E-11  1.750197E+02
 3.0320000E+02  1.533691E-11  1.750126E+02
 3.0325000E+02  1.530275E-11  1.750097E+02
 3.0330000E+02  1.533264E-11  1.750025E+02
 3.0335000E+02  1.531837E-11  1.750003E+02
 3.0340000E+02  1.525640E-11  1.749930E+02
 3.0345000E+02  1.528336E-11  1.749884E+02
 3.0350000E+02  1.515161E-11  1.749815E+02
 3.0355000E+02  1.518051E-11  1.749747E+02
 3.0360000E+02  1.517418E-11  1.749680E+02
 3.0365000E+02  1.517547E-11  1.749655E+02
 3.0370000E+02  1.526098E-11  1.749592E+02
 3.0375000E+02  1.524079E-11  1.749566E+02
 3.0380000E+02  1.526911E-11  1.749498E+02
 3.0385000E+02  1.517582E-11  1.749446E+02
 3.0390000E+02  1.513898E-11  1.749414E+02
 3.0395000E+02  1.519227E-11  1.749344E+02
 3.0400000E+02  1.522771E-11  1.749282E+02
 3.0405000E+02  1.519669E-11  1.749243E+02
 3.0410000E+02  1.514715E-11  1.749196E+02
 3.0415000E+02  1.510824E-11  1.749168E+02
 3.0420000E+02  1.515390E-11  1.749063E+02
 3.0425000E+02  1.516409E-11  1.749024E+02
 3.0430000E+02  1.516963E-11  1.748961E+02
 3.0435000E+02  1.514072E-11  1.748901E+02
 3.0440000E+02  1.518145E-11  1.748839E+02
 3.0445000E+02  1.518740E-11  1.748776E+02
 3.0450000E+02  1.515603E-11  1.748737E+02
 3.0455000E+02  1.526482E-11  1.748683E+02
 3.0460000E+02  1.518418E-11  1.748610E+02
 3.0465000E+02  1.525798E-11  1.748577E+02
 3.0470000E+02  1.525180E-11  1.748518E+02
 3.0475000E+02  1.525253E-11  1.748491E+02
 3.0480000E+02  1.534795E-11  1.748435E+02
 3.0485000E+02  1.527291E-11  1.748372E+02
 3.0490000E+02  1.537669E-11  1.748305E+02
 3.0495000E+02  1.529919E-11  1.748239E+02
 3.0500000E+02  1.533441E-11  1.748175E+02
 3.0505000E+02  1.539226E-11  1.748149E+02
 3.0510000E+02  1.535715E-11  1.748072E+02
 3.0515000E+02  1.542111E-11  1.748027E+02
 3.0520000E+02  1.546759E-11  1.747962E+02
 3.0525000E+02  1.549168E-11  1.747899E+02
 3.0530000E+02  1.548959E-11  1.747872E+02
 3.0535000E+02  1.559226E-11  1.747794E+02
 3.0540000E+02  1.555930E-11  1.747749E+02
 3.0545000E+02  1.560529E-11  1.747671E+02
 3.0550000E+02  1.559921E-11  1.747600E+02
 3.0555000E+02  1.567722E-11  1.747583E+02
 3.0560000E+02  1.568080E-11  1.747519E+02
 3.0565000E+02  1.565836E-11  1.747464E+02
 3.0570000E+02  1.572754E-11  1.747422E+02
 3.0575000E+02  1.576301E-11  1.747366E+02
 3.0580000E+02  1.578029E-11  1.747305E+02
 3.0585000E+02  1.581930E-11  1.747238E+02
 3.0590000E+02  1.592544E-11  1.747175E+02
 3.0595000E+02  1.592823E-11  1.747132E+02
 3.0600000E+02  1.590780E-11  1.747072E+02
 3.0605000E+02  1.584151E-11  1.747018E+02
 3.0610000E+02  1.593861E-11  1.746975E+02
 3.0615000E+02  1.597886E-11  1.746907E+02
 3.0620000E+02  1.602950E-11  1.746888E+02
 3.0625000E+02  1.598701E-11  1.746817E+02
 3.0630000E+02  1.607314E-11  1.746763E+02
 3.0635000E+02  1.603633E-11  1.746732E+02
 3.0640000E+02  1.605016E-11  1.746668E+02
 3.0645000E+02  1.606433E-11  1.746607E+02
 3.0650000E+02  1.615041E-11  1.746578E+02
 3.0655000E+02  1.615014E-11  1.746513E+02
 3.0660000E+02  1.615926E-11  1.746462E+02
 3.0665000E+02  1.611614E-11  1.746415E+02
 3.0670000E+02  1.620117E-11  1.746388E+02
 3.0675000E+02  1.618428E-11  1.746299E+02
 3.0680000E+02  1.617448E-11  1.746209E+02
 3.0685000E+02  1.617307E-11  1.746192E+02
 3.0690000E+02  1.620761E-11  1.746173E+02
 3.0695000E+02  1.624606E-11  1.746080E+02
 3.0700000E+02  1.622821E-11  1.746031E+02
 3.0705000E+02  1.614836E-11  1.745964E+02
 3.0710000E+02  1.616371E-11  1.745917E+02
 3.0715000E+02  1.621878E-11  1.745884E+02
 3.0720000E+02  1.618729E-11  1.745829E+02
 3.0725000E+02  1.611945E-11  1.745764E+02
 3.0730000E+02  1.616520E-11  1.745723E+02
 3.0735000E+02  1.615113E-11  1.745674E+02
 3.0740000E+02  1.612721E-11  1.745639E+02
 3.0745000E+02  1.618313E-11  1.745567E+02
 3.0750000E+02  1.609592E-11  1.745521E+02
 3.0755000E+02  1.605801E-11  1.745483E+02
 3.0760000E+02  1.609837E-11  1.745418E+02
 3.0765000E+02  1.603529E-11  1.745351E+02
 3.0770000E+02  1.605046E-11  1.745325E+02
 3.0775000E+02  1.605287E-11  1.745246E+02
 3.0780000E+02  1.597839E-11  1.745175E+02
 3.0785000E+02  1.593056E-11  1.745120E+02
 3.0790000E+02  1.587477E-11  1.745049E+02
 3.0795000E+02  1.591286E-11  1.745019E+02
 3.0800000E+02  1.585369E-11  1.744967E+02
 3.0805000E+02  1.580510E-11  1.744893E+02
 3.0810000E+02  1.582711E-11  1.744866E+02
 3.0815000E+02  1.578426E-11  1.744825E+02
 3.0820000E+02  1.579748E-11  1.744783E+02
 3.0825000E+02  1.577876E-11  1.744717E+02
 3.0830000E+02  1.567273E-11  1.744695E+02
 3.0835000E+02  1.566127E-11  1.744635E+02
 3.0840000E+02  1.565646E-11  1.744575E+02
 3.0845000E+02  1.566537E-11  1.744516E+02
 3.0850000E+02  1.561019E-11  1.744469E+02
 3.0855000E+02  1.559509E-11  1.744416E+02
 3.0860000E+02  1.561387E-11  1.744356E+02
 3.0865000E+02  1.560760E-11  1.744330E+02
 3.0870000E+02  1.549077E-11  1.744261E+02
 3.0875000E+02  1.544435E-11  1.744229E+02
 3.0880000E+02  1.539348E-11  1.744197E+02
 3.0885000E+02  1.536327E-11  1.744126E+02
 3.0890000E+02  1.534151E-11  1.744077E+02
 3.0895000E+02  1.532188E-11  1.744058E+02
 3.0900000E+02  1.525921E-11  1.743947E+02
 3.0905000E+02  1.525100E-11  1.743903E+02
 3.0910000E+02  1.519338E-11  1.743847E+02
 3.0915000E+02  1.518991E-11  1.743781E+02
 3.0920000E+02  1.519317E-11  1.743747E+02
 3.0925000E+02  1.515417E-11  1.743685E+02
 3.0930000E+02  1.508040E-11  1.743658E+02
 3.0935000E+02  1.511865E-11  1.743577E+02
 3.0940000E+02  1.497872E-11  1.743564E+02
 3.0945000E+02  1.496874E-11  1.743498E+02
 3.0950000E+02  1.497441E-11  1.743429E+02
 3.0955000E+02  1.483574E-11  1.743395E+02
 3.0960000E+02  1.492457E-11  1.743342E+02
 3.0965000E+02  1.489683E-11  1.743297E+02
 3.0970000E+02  1.490251E-11  1.743259E+02
 3.0975000E+02  1.478987E-11  1.743184E+02
 3.0980000E+02  1.475406E-11  1.743160E+02
 3.0985000E+02  1.473310E-11  1.743094E+02
 3.0990000E+02  1.470586E-11  1.743052E+02
 3.0995000E+02  1.468847E-11  1.742996E+02
 3.1000000E+02  1.460071E-11  1.742891E+02
 3.1005000E+02  1.450793E-11  1.742859E+02
 3.1010000E+02  1.453823E-11  1.742788E+02
 3.1015000E+02  1.447697E-11  1.742769E+02
 3.1020000E+02  1.437706E-11  1.742707E+02
 3.1025000E+02  1.451401E-11  1.742680E+02
 3.1030000E+02  1.449323E-11  1.742608E+02
 3.1035000E+02  1.438670E-11  1.742553E+02
 3.1040000E+02  1.434819E-11  1.742518E+02
 3.1045000E+02  1.427913E-11  1.742461E+02
 3.1050000E+02  1.422891E-11  1.742426E+02
 3.1055000E+02  1.428981E-11  1.742415E+02
 3.1060000E+02  1.415295E-11  1.742343E+02
 3.1065000E+02  1.417340E-11  1.742261E+02
 3.1070000E+02  1.419060E-11  1.742227E+02
 3.1075000E+02  1.414241E-11  1.742159E+02
 3.1080000E+02  1.404958E-11  1.742102E+02
 3.1085000E+02  1.398739E-11  1.742063E+02
 3.1090000E+02  1.402284E-11  1.741989E+02
 3.1095000E+02  1.405258E-11  1.741957E+02
 3.1100000E+02  1.394280E-11  1.741891E+02
 3.1105000E+02  1.379902E-11  1.741850E+02
 3.1110000E+02  1.379203E-11  1.741811E+02
 3.1115000E+02  1.379008E-11  1.741737E+02
 3.1120000E+02  1.378902E-11  1.741690E+02
 3.1125000E+02  1.370462E-11  1.741643E+02
 3.1130000E+02  1.376230E-11  1.741591E+02
 3.1135000E+02  1.374899E-11  1.741522E+02
 3.1140000E+02  1.372368E-11  1.741508E+02
 3.1145000E+02  1.372993E-11  1.741439E+02
 3.1150000E+02  1.362272E-11  1.741378E+02
 3.1155000E+02  1.361188E-11  1.741324E+02
 3.1160000E+02  1.360713E-11  1.741284E+02
 3.1165000E+02  1.354286E-11  1.741229E+02
 3.1170000E+02  1.352757E-11  1.741167E+02
 3.1175000E+02  1.352605E-11  1.741141E+02
 3.1180000E+02  1.345477E-11  1.741062E+02
 3.1185000E+02  1.353517E-11  1.740995E+02
 3.1190000E+02  1.353431E-11  1.740940E+02
 3.1195000E+02  1.351190E-11  1.740904E+02
 3.1200000E+02  1.347330E-11  1.740853E+02
 3.1205000E+02  1.350985E-11  1.740821E+02
 3.1210000E+02  1.346212E-11  1.740752E+02
 3.1215000E+02  1.346070E-11  1.740715E+02
 3.1220000E+02  1.339952E-11  1.740661E+02
 3.1225000E+02  1.343826E-11  1.740578E+02
 3.1230000E+02  1.345887E-11  1.740539E+02
 3.1235000E+02  1.348575E-11  1.740482E+02
 3.1240000E+02  1.341601E-11  1.740436E+02
 3.1245000E+02  1.346891E-11  1.740391E+02
 3.1250000E+02  1.347052E-11  1.740320E+02
 3.1255000E+02  1.347996E-11  1.740271E+02
 3.1260000E+02  1.344294E-11  1.740229E+02
 3.1265000E+02  1.350252E-11  1.740168E+02
 3.1270000E+02  1.347832E-11  1.740139E+02
 3.1275000E+02  1.355580E-11  1.740062E+02
 3.1280000E+02  1.352157E-11  1.740007E+02
 3.1285000E+02  1.350792E-11  1.739969E+02
 3.1290000E+02  1.350976E-11  1.739918E+02
 3.1295000E+02  1.352163E-11  1.739838E+02
 3.1300000E+02  1.355324E-11  1.739816E+02
 3.1305000E+02  1.356344E-11  1.739755E+02
 3.1310000E+02  1.358897E-11  1.739701E+02
 3.1315000E+02  1.361783E-11  1.739631E+02
 3.1320000E+02  1.359163E-11  1.739597E+02
 3.1325000E+02  1.365029E-11  1.739541E+02
 3.1330000E+02  1.361481E-11  1.739475E+02
 3.1335000E+02  1.371378E-11  1.739436E+02
 3.1340000E+02  1.363262E-11  1.739385E+02
 3.1345000E+02  1.370021E-11  1.739311E+02
 3.1350000E+02  1.370013E-11  1.739282E+02
 3.1355000E+02  1.368426E-11  1.739204E+02
 3.1360000E+02  1.373548E-11  1.739143E+02
 3.1365000E+02  1.377264E-11  1.739129E+02
 3.1370000E+02  1.379743E-11  1.739050E+02
 3.1375000E+02  1.380334E-11  1.739019E+02
 3.1380000E+02  1.373677E-11  1.738965E+02
 3.1385000E+02  1.378522E-11  1.738889E+02
 3.1390000E+02  1.383434E-11  1.738883E+02
 3.1395000E+02  1.387055E-11  1.738792E+02
 3.1400000E+02  1.388378E-11  1.738710E+02
 3.1405000E+02  1.392523E-11  1.738671E+02
 3.1410000E+02  1.395115E-11  1.738612E+02
 3.1415000E+02  1.392979E-11  1.738594E+02
 3.1420000E+02  1.391556E-11  1.738508E+02
 3.1425000E+02  1.397851E-11  1.738459E+02
 3.1430000E+02  1.395197E-11  1.738392E+02
 3.1435000E+02  1.397134E-11  1.738385E+02
 3.1440000E+02  1.405344E-11  1.738305E+02
 3.1445000E+02  1.401597E-11  1.738254E+02
 3.1450000E+02  1.397294E-11  1.738204E+02
 3.1455000E+02  1.406793E-11  1.738135E+02
 3.1460000E+02  1.398827E-11  1.738062E+02
 3.1465000E+02  1.402885E-11  1.738029E+02
 3.1470000E+02  1.407491E-11  1.737984E+02
 3.1475000E+02  1.405725E-11  1.737901E+02
 3.1480000E+02  1.409683E-11  1.737861E+02
 3.1485000E+02  1.413545E-11  1.737818E+02
 3.1490000E+02  1.409543E-11  1.737756E+02
 3.1495000E+02  1.404984E-11  1.737725E+02
 3.1500000E+02  1.410122E-11  1.737653E+02
 3.1505000E+02  1.411685E-11  1.737605E+02
 3.1510000E+02  1.404181E-11  1.737547E+02
 3.1515000E+02  1.409820E-11  1.737515E+02
 3.1520000E+02  1.405041E-11  1.737448E+02
 3.1525000E+02  1.401216E-11  1.737401E+02
 3.1530000E+02  1.402806E-11  1.737310E+02
 3.1535000E+02  1.408084E-11  1.737282E+02
 3.1540000E+02  1.404823E-11  1.737231E+02
 3.1545000E+02  1.407330E-11  1.737196E+02
 3.1550000E+02  1.412319E-11  1.737134E+02
 3.1555000E+02  1.409464E-11  1.737074E+02
 3.1560000E+02  1.409925E-11  1.737006E+02
 3.1565000E+02  1.416487E-11  1.736967E+02
 3.1570000E+02  1.417278E-11  1.736906E+02
 3.1575000E+02  1.412526E-11  1.736845E+02
 3.1580000E+02  1.407461E-11  1.736811E+02
 3.1585000E+02  1.409886E-11  1.736790E+02
 3.1590000E+02  1.413843E-11  1.736692E+02
 3.1595000E+02  1.410433E-11  1.736672E+02
 3.1600000E+02  1.405384E-11  1.736603E+02
 3.1605000E+02  1.410874E-11  1.736574E+02
 3.1610000E+02  1.408857E-11  1.736513E+02
 3.1615000E+02  1.406973E-11  1.736457E+02
 3.1620000E+02  1.402869E-11  1.736392E+02
 3.1625000E+02  1.396024E-11  1.736360E+02
 3.1630000E+02  1.402272E-11  1.736292E+02
 3.1635000E+02  1.403765E-11  1.736265E+02
 3.1640000E+02  1.398877E-11  1.736205E+02
 3.1645000E+02  1.397429E-11  1.736145E+02
 3.1650000E+02  1.384160E-11  1.736117E+02
 3.1655000E+02  1.385452E-11  1.736040E+02
 3.1660000E+02  1.383925E-11  1.736020E+02
 3.1665000E+02  1.377703E-11  1.735954E+02
 3.1670000E+02  1.385832E-11  1.735884E+02
 3.1675000E+02  1.382458E-11  1.735825E+02
 3.1680000E+02  1.380910E-11  1.735798E+02
 3.1685000E+02  1.377945E-11  1.735704E+02
 3.1690000E+02  1.383239E-11  1.735692E+02
 3.1695000E+02  1.378444E-11  1.735631E+02
 3.1700000E+02  1.379836E-11  1.735585E+02
 3.1705000E+02  1.374987E-11  1.735527E+02
 3.1710000E+02  1.370900E-11  1.735466E+02
 3.1715000E+02  1.371927E-11  1.735431E+02
 3.1720000E+02  1.368694E-11  1.735363E+02
 3.1725000E+02  1.361457E-11  1.735295E+02
 3.1730000E+02  1.364685E-11  1.735277E+02
 3.1735000E+02  1.366811E-11  1.735211E+02
 3.1740000E+02  1.374397E-11  1.735149E+02
 3.1745000E+02  1.371841E-11  1.735120E+02
 3.1750000E+02  1.368254E-11  1.735065E+02
 3.1755000E+02  1.370284E-11  1.735029E+02
 3.1760000E+02  1.365787E-11  1.734961E+02
 3.1765000E+02  1.369140E-11  1.734931E+02
 3.1770000E+02  1.369295E-11  1.734880E+02
 3.1775000E+02  1.366453E-11  1.734807E+02
 3.1780000E+02  1.362652E-11  1.734755E+02
 3.1785000E+02  1.360012E-11  1.734680E+02
 3.1790000E+02  1.360412E-11  1.734650E+02
 3.1795000E+02  1.355327E-11  1.734593E+02
 3.1800000E+02  1.358536E-11  1.734559E+02
 3.1805000E+02  1.365502E-11  1.734480E+02
 3.1810000E+02  1.357203E-11  1.734473E+02
 3.1815000E+02  1.360782E-11  1.734400E+02
 3.1820000E+02  1.368043E-11  1.734370E+02
 3.1825000E+02  1.361557E-11  1.734315E+02
 3.1830000E+02  1.364972E-11  1.734268E+02
 3.1835000E+02  1.358381E-11  1.734197E+02
 3.1840000E+02  1.362912E-11  1.734170E+02
 3.1845000E+02  1.368468E-11  1.734099E+02
 3.1850000E+02  1.368846E-11  1.734066E+02
 3.1855000E+02  1.369074E-11  1.734008E+02
 3.1860000E+02  1.362728E-11  1.733987E+02
 3.1865000E+02  1.360237E-11  1.733914E+02
 3.1870000E+02  1.365430E-11  1.733880E+02
 3.1875000E+02  8.391328E-12  1.733790E+02
 3.1880000E+02 -2.116959E-13  1.733722E+02
 3.1885000E+02  8.738010E-14  1.733705E+02
 3.1890000E+02  6.079636E-14  1.733636E+02
 3.1895000E+02 -1.697828E-14  1.733571E+02
 3.1900000E+02  6.038078E-14  1.733542E+02
 3.1905000E+02  2.805231E-14  1.733475E+02
 3.1910000E+02 -1.795354E-14  1.733458E+02
 3.1915000E+02 -1.650726E-14  1.733370E+02
 3.1920000E+02  1.751238E-14  1.733351E+02
 3.1925000E+02  5.127857E-14  1.733279E+02
 3.1930000E+02  3.470875E-14  1.733244E+02
 3.1935000E+02 -4.782324E-14  1.733201E+02
 3.1940000E+02 -4.045317E-14  1.733161E+02
 3.1945000E+02 -4.938499E-14  1.733129E+02
 3.1950000E+02 -2.319105E-14  1.733041E+02
 3.1955000E+02 -1.591188E-15  1.732988E+02
 3.1960000E+02 -7.787991E-15  1.732935E+02
 3.1965000E+02  6.301424E-14  1.732883E+02
 3.1970000E+02  4.189686E-14  1.732849E+02
 3.1975000E+02 -3.605784E-15  1.732794E+02
 3.1980000E+02 -1.015797E-15  1.732772E+02
 3.1985000E+02 -2.628746E-14  1.732703E+02
 3.1990000E+02  2.639273E-14  1.732668E+02
 3.1995000E+02 -1.571459E-14  1.732614E+02
 3.2000000E+02  2.475329E-14  1.732578E+02
END
