 2.8000000E+02  8.737114E-13  2.207111E+02
 2.8005000E+02  8.703237E-13  2.207009E+02
 2.8010000E+02  8.758444E-13  2.206913E+02
 2.8015000E+02  8.962532E-13  2.206808E+02
 2.8020000E+02  8.954486E-13  2.206721E+02
 2.8025000E+02  8.957821E-13  2.206572E+02
 2.8030000E+02  8.933941E-13  2.206533E+02
 2.8035000E+02  9.016408E-13  2.206419E+02
 2.8040000E+02  8.828224E-13  2.206342E+02
 2.8045000E+02  8.906949E-13  2.206293E+02
 2.8050000E+02  8.616318E-13  2.206190E+02
 2.8055000E+02  8.753206E-13  2.206096E+02
 2.8060000E+02  8.716406E-13  2.205998E+02
 2.8065000E+02  9.096899E-13  2.205892E+02
 2.8070000E+02  8.733261E-13  2.205854E+02
 2.8075000E+02  8.922903E-13  2.205739E+02
 2.8080000E+02  8.771058E-13  2.205663E+02
 2.8085000E+02  8.964626E-13  2.205600E+02
 2.8090000E+02  8.935297E-13  2.205518E+02
 2.8095000E+02  9.213211E-13  2.205418E+02
 2.8100000E+02  9.050759E-13  2.205350E+02
 2.8105000E+02  9.237286E-13  2.205284E+02
 2.8110000E+02  9.014153E-13  2.205192E+02
 2.8115000E+02  9.007879E-13  2.205089E+02
 2.8120000E+02  9.069956E-13  2.204982E+02
 2.8125000E+02  8.874994E-13  2.204887E+02
 2.8130000E+02  8.829386E-13  2.204847E+02
 2.8135000E+02  8.786274E-13  2.204727E+02
 2.8140000E+02  8.693790E-13  2.204634E+02
 2.8145000E+02  8.850279E-13  2.204547E+02
 2.8150000E+02  8.894048E-13  2.204502E+02
 2.8155000E+02  8.839514E-13  2.204399E+02
 2.8160000E+02  8.650689E-13  2.204292E+02
 2.8165000E+02  8.765651E-13  2.204249E+02
 2.8170000E+02  8.760248E-13  2.204158E+02
 2.8175000E+02  9.180519E-13  2.204052E+02
 2.8180000E+02  8.937537E-13  2.204008E+02
 2.8185000E+02  9.177020E-13  2.203914E+02
 2.8190000E+02  8.990300E-13  2.203806E+02
 2.8195000E+02  8.749374E-13  2.203711E+02
 2.8200000E+02  9.080511E-13  2.203659E+02
 2.8205000E+02  9.022492E-13  2.203572E+02
 2.8210000E+02  9.133031E-13  2.203523E+02
 2.8215000E+02  9.345471E-13  2.203442E+02
 2.8220000E+02  9.478136E-13  2.203281E+02
 2.8225000E+02  9.194316E-13  2.203224E+02
 2.8230000E+02  9.353980E-13  2.203135E+02
 2.8235000E+02  9.051195E-13  2.203035E+02
 2.8240000E+02  9.127654E-13  2.202939E+02
 2.8245000E+02  8.897616E-13  2.202902E+02
 2.8250000E+02  8.871575E-13  2.202787E+02
 2.8255000E+02  8.900686E-13  2.202688E+02
 2.8260000E+02  9.187721E-13  2.202652E+02
 2.8265000E+02  9.009599E-13  2.202542E+02
 2.8270000E+02  9.299412E-13  2.202458E+02
 2.8275000E+02  9.524711E-13  2.202422E+02
 2.8280000E+02  9.520554E-13  2.202298E+02
 2.8285000E+02  9.428900E-13  2.202221E+02
 2.8290000E+02  9.582004E-13  2.202115E+02
 2.8295000E+02  9.855790E-13  2.202065E+02
 2.8300000E+02  9.902409E-13  2.201959E+02
 2.8305000E+02  1.016628E-12  2.201865E+02
 2.8310000E+02  1.049988E-12  2.201770E+02
 2.8315000E+02  1.083453E-12  2.201682E+02
 2.8320000E+02  1.114372E-12  2.201578E+02
 2.8325000E+02  1.186223E-12  2.201484E+02
 2.8330000E+02  1.277355E-12  2.201484E+02
 2.8335000E+02  1.386145E-12  2.201359E+02
 2.8340000E+02  1.511855E-12  2.201269E+02
 2.8345000E+02  1.674402E-12  2.201157E+02
 2.8350000E+02  1.950467E-12  2.201096E+02
 2.8355000E+02  2.342921E-12  2.200996E+02
 2.8360000E+02  2.907794E-12  2.200910E+02
 2.8365000E+02  3.533061E-12  2.200876E+02
 2.8370000E+02  4.202168E-12  2.200765E+02
 2.8375000E+02  4.792248E-12  2.200673E+02
 2.8380000E+02  5.345036E-12  2.200577E+02
 2.8385000E+02  5.894523E-12  2.200489E+02
 2.8390000E+02  6.647962E-12  2.200392E+02
 2.8395000E+02  7.676444E-12  2.200285E+02
 2.8400000E+02  9.061247E-12  2.200231E+02
 2.8405000E+02  1.052553E-11  2.200134E+02
 2.8410000E+02  1.156178E-11  2.200053E+02
 2.8415000E+02  1.233467E-11  2.199993E+02
 2.8420000E+02  1.283645E-11  2.199909E+02
 2.8425000E+02  1.308800E-11  2.199799E+02
 2.8430000E+02  1.330987E-11  2.199751E+02
 2.8435000E+02  1.348946E-11  2.199662E+02
 2.8440000E+02  1.362486E-11  2.199519E+02
 2.8445000E+02  1.368326E-11  2.199472E+02
 2.8450000E+02  1.355726E-11  2.199362E+02
 2.8455000E+02  1.326590E-11  2.199282E+02
 2.8460000E+02  1.287317E-11  2.199238E+02
 2.8465000E+02  1.246912E-11  2.199128E+02
 2.8470000E+02  1.208138E-11  2.199051E+02
 2.8475000E+02  1.168199E-11  2.198958E+02
 2.8480000E+02  1.100746E-11  2.198842E+02
 2.8485000E+02  1.035485E-11  2.198802E+02
 2.8490000E+02  9.433677E-12  2.198710E+02
 2.8495000E+02  8.462983E-12  2.198649E+02
 2.8500000E+02  7.476408E-12  2.198607E+02
 2.8505000E+02  6.771781E-12  2.198459E+02
 2.8510000E+02  6.237881E-12  2.198360E+02
 2.8515000E+02  5.914089E-12  2.198322E+02
 2.8520000E+02  5.697335E-12  2.198196E+02
 2.8525000E+02  5.569755E-12  2.198120E+02
 2.8530000E+02  5.495301E-12  2.198028E+02
 2.8535000E+02  5.467622E-12  2.197978E+02
 2.8540000E+02  5.442046E-12  2.197870E+02
 2.8545000E+02  5.373987E-12  2.197774E+02
 2.8550000E+02  5.366115E-12  2.197699E+02
 2.8555000E+02  5.317225E-12  2.197592E+02
 2.8560000E+02  5.293114E-12  2.197512E+02
 2.8565000E+02  5.278622E-12  2.197437E+02
 2.8570000E+02  5.259071E-12  2.197343E+02
 2.8575000E+02  5.245047E-12  2.197290E+02
 2.8580000E+02  5.259918E-12  2.197192E+02
 2.8585000E+02  5.316872E-12  2.197092E+02
 2.8590000E+02  5.388163E-12  2.197056E+02
 2.8595000E+02  5.514028E-12  2.196964E+02
 2.8600000E+02  5.627032E-12  2.196881E+02
 2.8605000E+02  5.704464E-12  2.196767E+02
 2.8610000E+02  5.759127E-12  2.196674E+02
 2.8615000E+02  5.798486E-12  2.196633E+02
 2.8620000E+02  5.805604E-12  2.196535E+02
 2.8625000E+02  5.863753E-12  2.196436E+02
 2.8630000E+02  5.897400E-12  2.196285E+02
 2.8635000E+02  5.966270E-12  2.196236E+02
 2.8640000E+02  6.040888E-12  2.196128E+02
 2.8645000E+02  6.098088E-12  2.196027E+02
 2.8650000E+02  6.166467E-12  2.195995E+02
 2.8655000E+02  6.216709E-12  2.195902E+02
 2.8660000E+02  6.250698E-12  2.195799E+02
 2.8665000E+02  6.274846E-12  2.195708E+02
 2.8670000E+02  6.339242E-12  2.195665E+02
 2.8675000E+02  6.376905E-12  2.195562E+02
 2.8680000E+02  6.391752E-12  2.195474E+02
 2.8685000E+02  6.421988E-12  2.195418E+02
 2.8690000E+02  6.414451E-12  2.195325E+02
 2.8695000E+02  6.455622E-12  2.195238E+02
 2.8700000E+02  6.433996E-12  2.195190E+02
 2.8705000E+02  6.447839E-12  2.195084E+02
 2.8710000E+02  6.432926E-12  2.194947E+02
 2.8715000E+02  6.413353E-12  2.194869E+02
 2.8720000E+02  6.407773E-12  2.194813E+02
 2.8725000E+02  6.423762E-12  2.194720E+02
 2.8730000E+02  6.433661E-12  2.194674E+02
 2.8735000E+02  6.497548E-12  2.194588E+02
 2.8740000E+02  6.578452E-12  2.194473E+02
 2.8745000E+02  6.650359E-12  2.194372E+02
 2.8750000E+02  6.686744E-12  2.194331E+02
 2.8755000E+02  6.721776E-12  2.194236E+02
 2.8760000E+02  6.702121E-12  2.194140E+02
 2.8765000E+02  6.701672E-12  2.194043E+02
 2.8770000E+02  6.684245E-12  2.193997E+02
 2.8775000E+02  6.692063E-12  2.193908E+02
 2.8780000E+02  6.642624E-12  2.193817E+02
 2.8785000E+02  6.622470E-12  2.193750E+02
 2.8790000E+02  6.617820E-12  2.193651E+02
 2.8795000E+02  6.602395E-12  2.193548E+02
 2.8800000E+02  6.594226E-12  2.193458E+02
 2.8805000E+02  6.640742E-12  2.193355E+02
 2.8810000E+02  6.601282E-12  2.193267E+02
 2.8815000E+02  6.602392E-12  2.193224E+02
 2.8820000E+02  6.617387E-12  2.193134E+02
 2.8825000E+02  6.606379E-12  2.193091E+02
 2.8830000E+02  6.646363E-12  2.192982E+02
 2.8835000E+02  6.638753E-12  2.192882E+02
 2.8840000E+02  6.653458E-12  2.192835E+02
 2.8845000E+02  6.642195E-12  2.192737E+02
 2.8850000E+02  6.660092E-12  2.192652E+02
 2.8855000E+02  6.675887E-12  2.192553E+02
 2.8860000E+02  6.707568E-12  2.192457E+02
 2.8865000E+02  6.708551E-12  2.192399E+02
 2.8870000E+02  6.721764E-12  2.192310E+02
 2.8875000E+02  6.745620E-12  2.192215E+02
 2.8880000E+02  6.784553E-12  2.192158E+02
 2.8885000E+02  6.794183E-12  2.192083E+02
 2.8890000E+02  6.792773E-12  2.192037E+02
 2.8895000E+02  6.821611E-12  2.191947E+02
 2.8900000E+02  6.814819E-12  2.191825E+02
 2.8905000E+02  6.846814E-12  2.191742E+02
 2.8910000E+02  6.833661E-12  2.191682E+02
 2.8915000E+02  6.837998E-12  2.191592E+02
 2.8920000E+02  6.762947E-12  2.191491E+02
 2.8925000E+02  6.722733E-12  2.191443E+02
 2.8930000E+02  6.704605E-12  2.191345E+02
 2.8935000E+02  6.737167E-12  2.191259E+02
 2.8940000E+02  6.781175E-12  2.191133E+02
 2.8945000E+02  6.825252E-12  2.191052E+02
 2.8950000E+02  6.918563E-12  2.190964E+02
 2.8955000E+02  7.002550E-12  2.190871E+02
 2.8960000E+02  7.164649E-12  2.190837E+02
 2.8965000E+02  7.297892E-12  2.190714E+02
 2.8970000E+02  7.509419E-12  2.190672E+02
 2.8975000E+02  7.749208E-12  2.190585E+02
 2.8980000E+02  7.968562E-12  2.190467E+02
 2.8985000E+02  8.195616E-12  2.190420E+02
 2.8990000E+02  8.408827E-12  2.190349E+02
 2.8995000E+02  8.622135E-12  2.190241E+02
 2.9000000E+02  8.835662E-12  2.190206E+02
 2.9005000E+02  9.094784E-12  2.190095E+02
 2.9010000E+02  9.515984E-12  2.190006E+02
 2.9015000E+02  1.022373E-11  2.189966E+02
 2.9020000E+02  1.140158E-11  2.189853E+02
 2.9025000E+02  1.276997E-11  2.189757E+02
 2.9030000E+02  1.440658E-11  2.189658E+02
 2.9035000E+02  1.594532E-11  2.189609E+02
 2.9040000E+02  1.744200E-11  2.189522E+02
 2.9045000E+02  1.880285E-11  2.189428E+02
 2.9050000E+02  2.084498E-11  2.189319E+02
 2.9055000E+02  2.460892E-11  2.189230E+02
 2.9060000E+02  2.629085E-11  2.188985E+02
 2.9065000E+02  2.908816E-11  2.188945E+02
 2.9070000E+02  3.045040E-11  2.188850E+02
 2.9075000E+02  3.064046E-11  2.188775E+02
 2.9080000E+02  2.996257E-11  2.188710E+02
 2.9085000E+02  2.899680E-11  2.188618E+02
 2.9090000E+02  2.784039E-11  2.188567E+02
 2.9095000E+02  2.660978E-11  2.188471E+02
 2.9100000E+02  2.541373E-11  2.188395E+02
 2.9105000E+02  2.430884E-11  2.188337E+02
 2.9110000E+02  2.342498E-11  2.188253E+02
 2.9115000E+02  2.310696E-11  2.188141E+02
 2.9120000E+02  2.328911E-11  2.188084E+02
 2.9125000E+02  2.363620E-11  2.187990E+02
 2.9130000E+02  2.399612E-11  2.187891E+02
 2.9135000E+02  2.427460E-11  2.187832E+02
 2.9140000E+02  2.444604E-11  2.187709E+02
 2.9145000E+02  2.459343E-11  2.187612E+02
 2.9150000E+02  2.472040E-11  2.187510E+02
 2.9155000E+02  2.484935E-11  2.187463E+02
 2.9160000E+02  2.501381E-11  2.187370E+02
 2.9165000E+02  2.519462E-11  2.187322E+02
 2.9170000E+02  2.526825E-11  2.187236E+02
 2.9175000E+02  2.530717E-11  2.187172E+02
 2.9180000E+02  2.527760E-11  2.187068E+02
 2.9185000E+02  2.522833E-11  2.186983E+02
 2.9190000E+02  2.514105E-11  2.186888E+02
 2.9195000E+02  2.506573E-11  2.186786E+02
 2.9200000E+02  2.495946E-11  2.186740E+02
 2.9205000E+02  2.483659E-11  2.186670E+02
 2.9210000E+02  2.451790E-11  2.186566E+02
 2.9215000E+02  2.419954E-11  2.186487E+02
 2.9220000E+02  2.389634E-11  2.186417E+02
 2.9225000E+02  2.360530E-11  2.186366E+02
 2.9230000E+02  2.334219E-11  2.186269E+02
 2.9235000E+02  2.311620E-11  2.186176E+02
 2.9240000E+02  2.299737E-11  2.186088E+02
 2.9245000E+02  2.277936E-11  2.185990E+02
 2.9250000E+02  2.249381E-11  2.185941E+02
 2.9255000E+02  2.218900E-11  2.185840E+02
 2.9260000E+02  2.179831E-11  2.185704E+02
 2.9265000E+02  2.151701E-11  2.185658E+02
 2.9270000E+02  2.127543E-11  2.185561E+02
 2.9275000E+02  2.099053E-11  2.185471E+02
 2.9280000E+02  2.084226E-11  2.185417E+02
 2.9285000E+02  2.069185E-11  2.185326E+02
 2.9290000E+02  2.052450E-11  2.185227E+02
 2.9295000E+02  2.038850E-11  2.185123E+02
 2.9300000E+02  2.016226E-11  2.185078E+02
 2.9305000E+02  1.993966E-11  2.184997E+02
 2.9310000E+02  1.984917E-11  2.184793E+02
 2.9315000E+02  1.974721E-11  2.184689E+02
 2.9320000E+02  1.966594E-11  2.184599E+02
 2.9325000E+02  1.960897E-11  2.184563E+02
 2.9330000E+02  1.956906E-11  2.184471E+02
 2.9335000E+02  1.949906E-11  2.184370E+02
 2.9340000E+02  1.949932E-11  2.184258E+02
 2.9345000E+02  1.946311E-11  2.184113E+02
 2.9350000E+02  1.946606E-11  2.184082E+02
 2.9355000E+02  1.944123E-11  2.183981E+02
 2.9360000E+02  1.946729E-11  2.183935E+02
 2.9365000E+02  1.949523E-11  2.183836E+02
 2.9370000E+02  1.951645E-11  2.183793E+02
 2.9375000E+02  1.960867E-11  2.183691E+02
 2.9380000E+02  1.961526E-11  2.183603E+02
 2.9385000E+02  1.967493E-11  2.183514E+02
 2.9390000E+02  1.970809E-11  2.183468E+02
 2.9395000E+02  1.972631E-11  2.183357E+02
 2.9400000E+02  1.978550E-11  2.183275E+02
 2.9405000E+02  1.976735E-11  2.183223E+02
 2.9410000E+02  1.980485E-11  2.183139E+02
 2.9415000E+02  1.985756E-11  2.183034E+02
 2.9420000E+02  1.985613E-11  2.182985E+02
 2.9425000E+02  1.985356E-11  2.182842E+02
 2.9430000E+02  1.988505E-11  2.182760E+02
 2.9435000E+02  1.988842E-11  2.182659E+02
 2.9440000E+02  1.983998E-11  2.182609E+02
 2.9445000E+02  1.985395E-11  2.182507E+02
 2.9450000E+02  1.991301E-11  2.182415E+02
 2.9455000E+02  1.990934E-11  2.182371E+02
 2.9460000E+02  1.993703E-11  2.182274E+02
 2.9465000E+02  2.001453E-11  2.182196E+02
 2.9470000E+02  2.002276E-11  2.182138E+02
 2.9475000E+02  2.005645E-11  2.182052E+02
 2.9480000E+02  2.005911E-11  2.181950E+02
 2.9485000E+02  2.010757E-11  2.181851E+02
 2.9490000E+02  2.020426E-11  2.181757E+02
 2.9495000E+02  2.024845E-11  2.181694E+02
 2.9500000E+02  2.033886E-11  2.181614E+02
 2.9505000E+02  2.041186E-11  2.181518E+02
 2.9510000E+02  2.048649E-11  2.181419E+02
 2.9515000E+02  2.054892E-11  2.181373E+02
 2.9520000E+02  2.063245E-11  2.181274E+02
 2.9525000E+02  2.074105E-11  2.181200E+02
 2.9530000E+02  2.077976E-11  2.181140E+02
 2.9535000E+02  2.082695E-11  2.181039E+02
 2.9540000E+02  2.085169E-11  2.180951E+02
 2.9545000E+02  2.092479E-11  2.180812E+02
 2.9550000E+02  2.134718E-11  2.180747E+02
 2.9555000E+02  2.107356E-11  2.180507E+02
 2.9560000E+02  2.116030E-11  2.180416E+02
 2.9565000E+02  2.122662E-11  2.180374E+02
 2.9570000E+02  2.124406E-11  2.180283E+02
 2.9575000E+02  2.131197E-11  2.180189E+02
 2.9580000E+02  2.132966E-11  2.180092E+02
 2.9585000E+02  2.138143E-11  2.179988E+02
 2.9590000E+02  2.138805E-11  2.179933E+02
 2.9595000E+02  2.145314E-11  2.179836E+02
 2.9600000E+02  2.148689E-11  2.179785E+02
 2.9605000E+02  2.149841E-11  2.179705E+02
 2.9610000E+02  2.151842E-11  2.179617E+02
 2.9615000E+02  2.158657E-11  2.179559E+02
 2.9620000E+02  2.158087E-11  2.179465E+02
 2.9625000E+02  2.158426E-11  2.179384E+02
 2.9630000E+02  2.157160E-11  2.179235E+02
 2.9635000E+02  2.162703E-11  2.179190E+02
 2.9640000E+02  2.160803E-11  2.179097E+02
 2.9645000E+02  2.162904E-11  2.178998E+02
 2.9650000E+02  2.164355E-11  2.178956E+02
 2.9655000E+02  2.165205E-11  2.178854E+02
 2.9660000E+02  2.170166E-11  2.178790E+02
 2.9665000E+02  2.167040E-11  2.178709E+02
 2.9670000E+02  2.164885E-11  2.178619E+02
 2.9675000E+02  2.165917E-11  2.178570E+02
 2.9680000E+02  2.165106E-11  2.178475E+02
 2.9685000E+02  2.165683E-11  2.178384E+02
 2.9690000E+02  2.163380E-11  2.178274E+02
 2.9695000E+02  2.164077E-11  2.178242E+02
 2.9700000E+02  2.158927E-11  2.178131E+02
 2.9705000E+02  2.160131E-11  2.178057E+02
 2.9710000E+02  2.156041E-11  2.178008E+02
 2.9715000E+02  2.153778E-11  2.177911E+02
 2.9720000E+02  2.156397E-11  2.177755E+02
 2.9725000E+02  2.153734E-11  2.177722E+02
 2.9730000E+02  2.154530E-11  2.177617E+02
 2.9735000E+02  2.152591E-11  2.177527E+02
 2.9740000E+02  2.151908E-11  2.177428E+02
 2.9745000E+02  2.150307E-11  2.177389E+02
 2.9750000E+02  2.145283E-11  2.177294E+02
 2.9755000E+02  2.143114E-11  2.177235E+02
 2.9760000E+02  2.134258E-11  2.177159E+02
 2.9765000E+02  2.132104E-11  2.177066E+02
 2.9770000E+02  2.131875E-11  2.177014E+02
 2.9775000E+02  2.130315E-11  2.176925E+02
 2.9780000E+02  2.126417E-11  2.176831E+02
 2.9785000E+02  2.125685E-11  2.176779E+02
 2.9790000E+02  2.120397E-11  2.176672E+02
 2.9795000E+02  2.119974E-11  2.176586E+02
 2.9800000E+02  2.118476E-11  2.176528E+02
 2.9805000E+02  2.113660E-11  2.176438E+02
 2.9810000E+02  2.110874E-11  2.176397E+02
 2.9815000E+02  2.109500E-11  2.176245E+02
 2.9820000E+02  2.110052E-11  2.176148E+02
 2.9825000E+02  2.105532E-11  2.176116E+02
 2.9830000E+02  2.108750E-11  2.176006E+02
 2.9835000E+02  2.106958E-11  2.175908E+02
 2.9840000E+02  2.108137E-11  2.175819E+02
 2.9845000E+02  2.107823E-11  2.175768E+02
 2.9850000E+02  2.108321E-11  2.175688E+02
 2.9855000E+02  2.109423E-11  2.175643E+02
 2.9860000E+02  2.110565E-11  2.175487E+02
 2.9865000E+02  2.107723E-11  2.175441E+02
 2.9870000E+02  2.114071E-11  2.175338E+02
 2.9875000E+02  2.115617E-11  2.175260E+02
 2.9880000E+02  2.115834E-11  2.175213E+02
 2.9885000E+02  2.116651E-11  2.175113E+02
 2.9890000E+02  2.118748E-11  2.175031E+02
 2.9895000E+02  2.122174E-11  2.174981E+02
 2.9900000E+02  2.123005E-11  2.174888E+02
 2.9905000E+02  2.126154E-11  2.174858E+02
 2.9910000E+02  2.130322E-11  2.174759E+02
 2.9915000E+02  2.131978E-11  2.174658E+02
 2.9920000E+02  2.131954E-11  2.174606E+02
 2.9925000E+02  2.133796E-11  2.174517E+02
 2.9930000E+02  2.136201E-11  2.174383E+02
 2.9935000E+02  2.141909E-11  2.174337E+02
 2.9940000E+02  2.143095E-11  2.174229E+02
 2.9945000E+02  2.144656E-11  2.174142E+02
 2.9950000E+02  2.146405E-11  2.174104E+02
 2.9955000E+02  2.146657E-11  2.173997E+02
 2.9960000E+02  2.149013E-11  2.173940E+02
 2.9965000E+02  2.152119E-11  2.173865E+02
 2.9970000E+02  2.155453E-11  2.173747E+02
 2.9975000E+02  2.160223E-11  2.173709E+02
 2.9980000E+02  2.161790E-11  2.173634E+02
 2.9985000E+02  2.167251E-11  2.173532E+02
 2.9990000E+02  2.168692E-11  2.173496E+02
 2.9995000E+02  2.168124E-11  2.173391E+02
 3.0000000E+02  2.171347E-11  2.173352E+02
 3.0005000E+02  2.174790E-11  2.173255E+02
 3.0010000E+02  2.175898E-11  2.173186E+02
 3.0015000E+02  2.177811E-11  2.173114E+02
 3.0020000E+02  2.183400E-11  2.173028E+02
 3.0025000E+02  2.179353E-11  2.172959E+02
 3.0030000E+02  2.179998E-11  2.172820E+02
 3.0035000E+02  2.186718E-11  2.172779E+02
 3.0040000E+02  2.184583E-11  2.172687E+02
 3.0045000E+02  2.182544E-11  2.172643E+02
 3.0050000E+02  2.187217E-11  2.172552E+02
 3.0055000E+02  2.186100E-11  2.172515E+02
 3.0060000E+02  2.187137E-11  2.172400E+02
 3.0065000E+02  2.189041E-11  2.172323E+02
 3.0070000E+02  2.189374E-11  2.172263E+02
 3.0075000E+02  2.196136E-11  2.172178E+02
 3.0080000E+02  2.192573E-11  2.172080E+02
 3.0085000E+02  2.196377E-11  2.172044E+02
 3.0090000E+02  2.199549E-11  2.171952E+02
 3.0095000E+02  2.198968E-11  2.171808E+02
 3.0100000E+02  2.205584E-11  2.171753E+02
 3.0105000E+02  2.210076E-11  2.171666E+02
 3.0110000E+02  2.212990E-11  2.171569E+02
 3.0115000E+02  2.219474E-11  2.171519E+02
 3.0120000E+02  2.223553E-11  2.171438E+02
 3.0125000E+02  2.224466E-11  2.171350E+02
 3.0130000E+02  2.230389E-11  2.171313E+02
 3.0135000E+02  2.230058E-11  2.171214E+02
 3.0140000E+02  2.235256E-11  2.171110E+02
 3.0145000E+02  2.235826E-11  2.171053E+02
 3.0150000E+02  2.242589E-11  2.170966E+02
 3.0155000E+02  2.251148E-11  2.170877E+02
 3.0160000E+02  2.258158E-11  2.170825E+02
 3.0165000E+02  2.268963E-11  2.170727E+02
 3.0170000E+02  2.272796E-11  2.170679E+02
 3.0175000E+02  2.279093E-11  2.170607E+02
 3.0180000E+02  2.284017E-11  2.170501E+02
 3.0185000E+02  2.287774E-11  2.170375E+02
 3.0190000E+02  2.291684E-11  2.170316E+02
 3.0195000E+02  2.297523E-11  2.170233E+02
 3.0200000E+02  2.299950E-11  2.170108E+02
 3.0205000E+02  2.305188E-11  2.170081E+02
 3.0210000E+02  2.312691E-11  2.169984E+02
 3.0215000E+02  2.313356E-11  2.169935E+02
 3.0220000E+02  2.319357E-11  2.169858E+02
 3.0225000E+02  2.328276E-11  2.169758E+02
 3.0230000E+02  2.329772E-11  2.169720E+02
 3.0235000E+02  2.333618E-11  2.169608E+02
 3.0240000E+02  2.334277E-11  2.169520E+02
 3.0245000E+02  2.334838E-11  2.169444E+02
 3.0250000E+02  2.339912E-11  2.169382E+02
 3.0255000E+02  2.338396E-11  2.169285E+02
 3.0260000E+02  2.338887E-11  2.169235E+02
 3.0265000E+02  2.334964E-11  2.169157E+02
 3.0270000E+02  2.336283E-11  2.169005E+02
 3.0275000E+02  2.334899E-11  2.168960E+02
 3.0280000E+02  2.337543E-11  2.168879E+02
 3.0285000E+02  2.338210E-11  2.168777E+02
 3.0290000E+02  2.336709E-11  2.168691E+02
 3.0295000E+02  2.331512E-11  2.168645E+02
 3.0300000E+02  2.332786E-11  2.168548E+02
 3.0305000E+02  2.330542E-11  2.168514E+02
 3.0310000E+02  2.332419E-11  2.168409E+02
 3.0315000E+02  2.325268E-11  2.168317E+02
 3.0320000E+02  2.320366E-11  2.168265E+02
 3.0325000E+02  2.317914E-11  2.168161E+02
 3.0330000E+02  2.310020E-11  2.168117E+02
 3.0335000E+02  2.303152E-11  2.168025E+02
 3.0340000E+02  2.298009E-11  2.167936E+02
 3.0345000E+02  2.296231E-11  2.167837E+02
 3.0350000E+02  2.295481E-11  2.167786E+02
 3.0355000E+02  2.282006E-11  2.167706E+02
 3.0360000E+02  2.277816E-11  2.167667E+02
 3.0365000E+02  2.266983E-11  2.167566E+02
 3.0370000E+02  2.266405E-11  2.167422E+02
 3.0375000E+02  2.259701E-11  2.167378E+02
 3.0380000E+02  2.253343E-11  2.167291E+02
 3.0385000E+02  2.255627E-11  2.167205E+02
 3.0390000E+02  2.247498E-11  2.167151E+02
 3.0395000E+02  2.245551E-11  2.167068E+02
 3.0400000E+02  2.241914E-11  2.166969E+02
 3.0405000E+02  2.239817E-11  2.166869E+02
 3.0410000E+02  2.228139E-11  2.166829E+02
 3.0415000E+02  2.222371E-11  2.166776E+02
 3.0420000E+02  2.224306E-11  2.166676E+02
 3.0425000E+02  2.219073E-11  2.166597E+02
 3.0430000E+02  2.221298E-11  2.166555E+02
 3.0435000E+02  2.213611E-11  2.166457E+02
 3.0440000E+02  2.213890E-11  2.166374E+02
 3.0445000E+02  2.212892E-11  2.166273E+02
 3.0450000E+02  2.209251E-11  2.166216E+02
 3.0455000E+02  2.209417E-11  2.166139E+02
 3.0460000E+02  2.207693E-11  2.166001E+02
 3.0465000E+02  2.207461E-11  2.165941E+02
 3.0470000E+02  2.205601E-11  2.165862E+02
 3.0475000E+02  2.208175E-11  2.165770E+02
 3.0480000E+02  2.208157E-11  2.165719E+02
 3.0485000E+02  2.211277E-11  2.165624E+02
 3.0490000E+02  2.215113E-11  2.165525E+02
 3.0495000E+02  2.213382E-11  2.165440E+02
 3.0500000E+02  2.214906E-11  2.165352E+02
 3.0505000E+02  2.221568E-11  2.165307E+02
 3.0510000E+02  2.229248E-11  2.165209E+02
 3.0515000E+02  2.226070E-11  2.165121E+02
 3.0520000E+02  2.235248E-11  2.165066E+02
 3.0525000E+02  2.236222E-11  2.164972E+02
 3.0530000E+02  2.240004E-11  2.164921E+02
 3.0535000E+02  2.243935E-11  2.164833E+02
 3.0540000E+02  2.249909E-11  2.164756E+02
 3.0545000E+02  2.255287E-11  2.164626E+02
 3.0550000E+02  2.252802E-11  2.164514E+02
 3.0555000E+02  2.257204E-11  2.164462E+02
 3.0560000E+02  2.258008E-11  2.164426E+02
 3.0565000E+02  2.263094E-11  2.164352E+02
 3.0570000E+02  2.266433E-11  2.164244E+02
 3.0575000E+02  2.273162E-11  2.164220E+02
 3.0580000E+02  2.274866E-11  2.164114E+02
 3.0585000E+02  2.281607E-11  2.164061E+02
 3.0590000E+02  2.279033E-11  2.163969E+02
 3.0595000E+02  2.282646E-11  2.163857E+02
 3.0600000E+02  2.286473E-11  2.163737E+02
 3.0605000E+02  2.289527E-11  2.163632E+02
 3.0610000E+02  2.287770E-11  2.163590E+02
 3.0615000E+02  2.285046E-11  2.163495E+02
 3.0620000E+02  2.293046E-11  2.163445E+02
 3.0625000E+02  2.285877E-11  2.163348E+02
 3.0630000E+02  2.289143E-11  2.163316E+02
 3.0635000E+02  2.288328E-11  2.163222E+02
 3.0640000E+02  2.286188E-11  2.163133E+02
 3.0645000E+02  2.284829E-11  2.163077E+02
 3.0650000E+02  2.281799E-11  2.162984E+02
 3.0655000E+02  2.281428E-11  2.162887E+02
 3.0660000E+02  2.282884E-11  2.162792E+02
 3.0665000E+02  2.281019E-11  2.162741E+02
 3.0670000E+02  2.278704E-11  2.162713E+02
 3.0675000E+02  2.269556E-11  2.162625E+02
 3.0680000E+02  2.265246E-11  2.162525E+02
 3.0685000E+02  2.259840E-11  2.162484E+02
 3.0690000E+02  2.256443E-11  2.162387E+02
 3.0695000E+02  2.251280E-11  2.162339E+02
 3.0700000E+02  2.251380E-11  2.162195E+02
 3.0705000E+02  2.245390E-11  2.162095E+02
 3.0710000E+02  2.243863E-11  2.162018E+02
 3.0715000E+02  2.241063E-11  2.161972E+02
 3.0720000E+02  2.233299E-11  2.161878E+02
 3.0725000E+02  2.225332E-11  2.161845E+02
 3.0730000E+02  2.216653E-11  2.161750E+02
 3.0735000E+02  2.205356E-11  2.161715E+02
 3.0740000E+02  2.199251E-11  2.161571E+02
 3.0745000E+02  2.191695E-11  2.161519E+02
 3.0750000E+02  2.186056E-11  2.161415E+02
 3.0755000E+02  2.185504E-11  2.161339E+02
 3.0760000E+02  2.181704E-11  2.161273E+02
 3.0765000E+02  2.176808E-11  2.161186E+02
 3.0770000E+02  2.172154E-11  2.161098E+02
 3.0775000E+02  2.161065E-11  2.161053E+02
 3.0780000E+02  2.148662E-11  2.160959E+02
 3.0785000E+02  2.136180E-11  2.160926E+02
 3.0790000E+02  2.128763E-11  2.160835E+02
 3.0795000E+02  2.121136E-11  2.160782E+02
 3.0800000E+02  2.114658E-11  2.160692E+02
 3.0805000E+02  2.104165E-11  2.160585E+02
 3.0810000E+02  2.099593E-11  2.160540E+02
 3.0815000E+02  2.091332E-11  2.160389E+02
 3.0820000E+02  2.083174E-11  2.160359E+02
 3.0825000E+02  2.074422E-11  2.160267E+02
 3.0830000E+02  2.065486E-11  2.160174E+02
 3.0835000E+02  2.050438E-11  2.160130E+02
 3.0840000E+02  2.044193E-11  2.160043E+02
 3.0845000E+02  2.030137E-11  2.159991E+02
 3.0850000E+02  2.020719E-11  2.159907E+02
 3.0855000E+02  2.007011E-11  2.159819E+02
 3.0860000E+02  2.002200E-11  2.159772E+02
 3.0865000E+02  1.992683E-11  2.159674E+02
 3.0870000E+02  1.986964E-11  2.159491E+02
 3.0875000E+02  1.978382E-11  2.159396E+02
 3.0880000E+02  1.966768E-11  2.159312E+02
 3.0885000E+02  1.959112E-11  2.159256E+02
 3.0890000E+02  1.946643E-11  2.159125E+02
 3.0895000E+02  1.935708E-11  2.159067E+02
 3.0900000E+02  1.924291E-11  2.158971E+02
 3.0905000E+02  1.912118E-11  2.158924E+02
 3.0910000E+02  1.905277E-11  2.158830E+02
 3.0915000E+02  1.897622E-11  2.158738E+02
 3.0920000E+02  1.890323E-11  2.158686E+02
 3.0925000E+02  1.881506E-11  2.158606E+02
 3.0930000E+02  1.872023E-11  2.158560E+02
 3.0935000E+02  1.858957E-11  2.158481E+02
 3.0940000E+02  1.843756E-11  2.158420E+02
 3.0945000E+02  1.828213E-11  2.158321E+02
 3.0950000E+02  1.816606E-11  2.158244E+02
 3.0955000E+02  1.809401E-11  2.158188E+02
 3.0960000E+02  1.802508E-11  2.158079E+02
 3.0965000E+02  1.796026E-11  2.158001E+02
 3.0970000E+02  1.787367E-11  2.157956E+02
 3.0975000E+02  1.784573E-11  2.157860E+02
 3.0980000E+02  1.769916E-11  2.157759E+02
 3.0985000E+02  1.756579E-11  2.157670E+02
 3.0990000E+02  1.744843E-11  2.157623E+02
 3.0995000E+02  1.730967E-11  2.157534E+02
 3.1000000E+02  1.716646E-11  2.157439E+02
 3.1005000E+02  1.707981E-11  2.157396E+02
 3.1010000E+02  1.697781E-11  2.157379E+02
 3.1015000E+02  1.691169E-11  2.157268E+02
 3.1020000E+02  1.683469E-11  2.157230E+02
 3.1025000E+02  1.674571E-11  2.157134E+02
 3.1030000E+02  1.664386E-11  2.157070E+02
 3.1035000E+02  1.657437E-11  2.156998E+02
 3.1040000E+02  1.642208E-11  2.156889E+02
 3.1045000E+02  1.628543E-11  2.156803E+02
 3.1050000E+02  1.613181E-11  2.156706E+02
 3.1055000E+02  1.602172E-11  2.156667E+02
 3.1060000E+02  1.590833E-11  2.156580E+02
 3.1065000E+02  1.579390E-11  2.156538E+02
 3.1070000E+02  1.566949E-11  2.156438E+02
 3.1075000E+02  1.562462E-11  2.156336E+02
 3.1080000E+02  1.554088E-11  2.156304E+02
 3.1085000E+02  1.549180E-11  2.156218E+02
 3.1090000E+02  1.537081E-11  2.156119E+02
 3.1095000E+02  1.527549E-11  2.156079E+02
 3.1100000E+02  1.511607E-11  2.155982E+02
 3.1105000E+02  1.505689E-11  2.155937E+02
 3.1110000E+02  1.495654E-11  2.155847E+02
 3.1115000E+02  1.482845E-11  2.155755E+02
 3.1120000E+02  1.479163E-11  2.155701E+02
 3.1125000E+02  1.473445E-11  2.155620E+02
 3.1130000E+02  1.464401E-11  2.155470E+02
 3.1135000E+02  1.459410E-11  2.155433E+02
 3.1140000E+02  1.451945E-11  2.155342E+02
 3.1145000E+02  1.446744E-11  2.155285E+02
 3.1150000E+02  1.437557E-11  2.155211E+02
 3.1155000E+02  1.426158E-11  2.155160E+02
 3.1160000E+02  1.418468E-11  2.155067E+02
 3.1165000E+02  1.407454E-11  2.155027E+02
 3.1170000E+02  1.405773E-11  2.154929E+02
 3.1175000E+02  1.401586E-11  2.154844E+02
 3.1180000E+02  1.400325E-11  2.154801E+02
 3.1185000E+02  1.394241E-11  2.154658E+02
 3.1190000E+02  1.391576E-11  2.154571E+02
 3.1195000E+02  1.385558E-11  2.154516E+02
 3.1200000E+02  1.381013E-11  2.154443E+02
 3.1205000E+02  1.375474E-11  2.154338E+02
 3.1210000E+02  1.369063E-11  2.154289E+02
 3.1215000E+02  1.364377E-11  2.154186E+02
 3.1220000E+02  1.362010E-11  2.154159E+02
 3.1225000E+02  1.359387E-11  2.154058E+02
 3.1230000E+02  1.357756E-11  2.153962E+02
 3.1235000E+02  1.352648E-11  2.153864E+02
 3.1240000E+02  1.352683E-11  2.153806E+02
 3.1245000E+02  1.347656E-11  2.153731E+02
 3.1250000E+02  1.349666E-11  2.153685E+02
 3.1255000E+02  1.345574E-11  2.153593E+02
 3.1260000E+02  1.341994E-11  2.153494E+02
 3.1265000E+02  1.338717E-11  2.153459E+02
 3.1270000E+02  1.339236E-11  2.153316E+02
 3.1275000E+02  1.336619E-11  2.153275E+02
 3.1280000E+02  1.335827E-11  2.153189E+02
 3.1285000E+02  1.332276E-11  2.153076E+02
 3.1290000E+02  1.333538E-11  2.153039E+02
 3.1295000E+02  1.330900E-11  2.152947E+02
 3.1300000E+02  1.329146E-11  2.152907E+02
 3.1305000E+02  1.327386E-11  2.152818E+02
 3.1310000E+02  1.323638E-11  2.152725E+02
 3.1315000E+02  1.322366E-11  2.152667E+02
 3.1320000E+02  1.320372E-11  2.152583E+02
 3.1325000E+02  1.316468E-11  2.152532E+02
 3.1330000E+02  1.317916E-11  2.152452E+02
 3.1335000E+02  1.313998E-11  2.152403E+02
 3.1340000E+02  1.313983E-11  2.152312E+02
 3.1345000E+02  1.312713E-11  2.152219E+02
 3.1350000E+02  1.308059E-11  2.152135E+02
 3.1355000E+02  1.305056E-11  2.152083E+02
 3.1360000E+02  1.306576E-11  2.151985E+02
 3.1365000E+02  1.303236E-11  2.151905E+02
 3.1370000E+02  1.305177E-11  2.151810E+02
 3.1375000E+02  1.302981E-11  2.151763E+02
 3.1380000E+02  1.304051E-11  2.151657E+02
 3.1385000E+02  1.298381E-11  2.151574E+02
 3.1390000E+02  1.298401E-11  2.151531E+02
 3.1395000E+02  1.300347E-11  2.151435E+02
 3.1400000E+02  1.298975E-11  2.151331E+02
 3.1405000E+02  1.294931E-11  2.151263E+02
 3.1410000E+02  1.297199E-11  2.151203E+02
 3.1415000E+02  1.295831E-11  2.151131E+02
 3.1420000E+02  1.294039E-11  2.151074E+02
 3.1425000E+02  1.286459E-11  2.150989E+02
 3.1430000E+02  1.291636E-11  2.150898E+02
 3.1435000E+02  1.296310E-11  2.150850E+02
 3.1440000E+02  1.291999E-11  2.150753E+02
 3.1445000E+02  1.295489E-11  2.150657E+02
 3.1450000E+02  1.294613E-11  2.150521E+02
 3.1455000E+02  1.292384E-11  2.150483E+02
 3.1460000E+02  1.291540E-11  2.150379E+02
 3.1465000E+02  1.287996E-11  2.150291E+02
 3.1470000E+02  1.289586E-11  2.150197E+02
 3.1475000E+02  1.290403E-11  2.150147E+02
 3.1480000E+02  1.288911E-11  2.150068E+02
 3.1485000E+02  1.290794E-11  2.150011E+02
 3.1490000E+02  1.290279E-11  2.149917E+02
 3.1495000E+02  1.290849E-11  2.149828E+02
 3.1500000E+02  1.293176E-11  2.149739E+02
 3.1505000E+02  1.292060E-11  2.149651E+02
 3.1510000E+02  1.289362E-11  2.149572E+02
 3.1515000E+02  1.289287E-11  2.149507E+02
 3.1520000E+02  1.292324E-11  2.149434E+02
 3.1525000E+02  1.290544E-11  2.149345E+02
 3.1530000E+02  1.288375E-11  2.149288E+02
 3.1535000E+02  1.285433E-11  2.149159E+02
 3.1540000E+02  1.286708E-11  2.149103E+02
 3.1545000E+02  1.288760E-11  2.149017E+02
 3.1550000E+02  1.287498E-11  2.148962E+02
 3.1555000E+02  1.286003E-11  2.148876E+02
 3.1560000E+02  1.288513E-11  2.148777E+02
 3.1565000E+02  1.284838E-11  2.148691E+02
 3.1570000E+02  1.285456E-11  2.148629E+02
 3.1575000E+02  1.288664E-11  2.148551E+02
 3.1580000E+02  1.284370E-11  2.148492E+02
 3.1585000E+02  1.286569E-11  2.148423E+02
 3.1590000E+02  1.285478E-11  2.148375E+02
 3.1595000E+02  1.285459E-11  2.148287E+02
 3.1600000E+02  1.285566E-11  2.148204E+02
 3.1605000E+02  1.281608E-11  2.148147E+02
 3.1610000E+02  1.285155E-11  2.148068E+02
 3.1615000E+02  1.283158E-11  2.148022E+02
 3.1620000E+02  1.288101E-11  2.147884E+02
 3.1625000E+02  1.285388E-11  2.147785E+02
 3.1630000E+02  1.283012E-11  2.147750E+02
 3.1635000E+02  1.281188E-11  2.147639E+02
 3.1640000E+02  1.282375E-11  2.147594E+02
 3.1645000E+02  1.283292E-11  2.147505E+02
 3.1650000E+02  1.279242E-11  2.147453E+02
 3.1655000E+02  1.279904E-11  2.147378E+02
 3.1660000E+02  1.280627E-11  2.147278E+02
 3.1665000E+02  1.284351E-11  2.147186E+02
 3.1670000E+02  1.282076E-11  2.147123E+02
 3.1675000E+02  1.283492E-11  2.147053E+02
 3.1680000E+02  1.281908E-11  2.146962E+02
 3.1685000E+02  1.282458E-11  2.146904E+02
 3.1690000E+02  1.285952E-11  2.146775E+02
 3.1695000E+02  1.284510E-11  2.146739E+02
 3.1700000E+02  1.283921E-11  2.146636E+02
 3.1705000E+02  1.287065E-11  2.146550E+02
 3.1710000E+02  1.287323E-11  2.146498E+02
 3.1715000E+02  1.286235E-11  2.146405E+02
 3.1720000E+02  1.291376E-11  2.146314E+02
 3.1725000E+02  1.288327E-11  2.146271E+02
 3.1730000E+02  1.289755E-11  2.146182E+02
 3.1735000E+02  1.286142E-11  2.146135E+02
 3.1740000E+02  1.291074E-11  2.146047E+02
 3.1745000E+02  1.289559E-11  2.146008E+02
 3.1750000E+02  1.291378E-11  2.145899E+02
 3.1755000E+02  1.290146E-11  2.145873E+02
 3.1760000E+02  1.296120E-11  2.145792E+02
 3.1765000E+02  1.295483E-11  2.145685E+02
 3.1770000E+02  1.296221E-11  2.145628E+02
 3.1775000E+02  1.297355E-11  2.145541E+02
 3.1780000E+02  1.299543E-11  2.145497E+02
 3.1785000E+02  1.298432E-11  2.145372E+02
 3.1790000E+02  1.297554E-11  2.145324E+02
 3.1795000E+02  1.300977E-11  2.145213E+02
 3.1800000E+02  1.301527E-11  2.145179E+02
 3.1805000E+02  1.304527E-11  2.145129E+02
 3.1810000E+02  1.307434E-11  2.145096E+02
 3.1815000E+02  1.305783E-11  2.144959E+02
 3.1820000E+02  1.307927E-11  2.144872E+02
 3.1825000E+02  1.310813E-11  2.144830E+02
 3.1830000E+02  1.313100E-11  2.144751E+02
 3.1835000E+02  1.314544E-11  2.144647E+02
 3.1840000E+02  1.316413E-11  2.144601E+02
 3.1845000E+02  1.314835E-11  2.144506E+02
 3.1850000E+02  1.319599E-11  2.144444E+02
 3.1855000E+02  1.323250E-11  2.144351E+02
 3.1860000E+02  1.326776E-11  2.144313E+02
 3.1865000E+02  1.326865E-11  2.144210E+02
 3.1870000E+02  1.327724E-11  2.144177E+02
 3.1875000E+02  1.330481E-11  2.144084E+02
 3.1880000E+02  1.330789E-11  2.143989E+02
 3.1885000E+02  1.333683E-11  2.143948E+02
 3.1890000E+02  1.333136E-11  2.143864E+02
 3.1895000E+02  1.335970E-11  2.143744E+02
 3.1900000E+02  1.337308E-11  2.143681E+02
 3.1905000E+02  1.340822E-11  2.143595E+02
 3.1910000E+02  1.342173E-11  2.143544E+02
 3.1915000E+02  1.343796E-11  2.143458E+02
 3.1920000E+02  1.348210E-11  2.143415E+02
 3.1925000E+02  1.348414E-11  2.143332E+02
 3.1930000E+02  1.354884E-11  2.143225E+02
 3.1935000E+02  1.354236E-11  2.143194E+02
 3.1940000E+02  1.357174E-11  2.143082E+02
 3.1945000E+02  1.356587E-11  2.143048E+02
 3.1950000E+02  1.358999E-11  2.142949E+02
 3.1955000E+02  1.361370E-11  2.142869E+02
 3.1960000E+02  1.362316E-11  2.142831E+02
 3.1965000E+02  1.364129E-11  2.142728E+02
 3.1970000E+02  1.367672E-11  2.142680E+02
 3.1975000E+02  1.369216E-11  2.142602E+02
 3.1980000E+02  1.370696E-11  2.142560E+02
 3.1985000E+02  1.373794E-11  2.142469E+02
 3.1990000E+02  1.373595E-11  2.142430E+02
 3.1995000E+02  1.375058E-11  2.142282E+02
 3.2000000E+02  1.376014E-11  2.142231E+02
END
