Comment  : 
Probe    : 
CfgTyp   : $623
Fileform : $BF
Date     : 20.05.2007  11:58:48
Program  : EMP/2
Version  : 00.77
MeasTyp  : CFS
Analys.  : 1
Scans    : 1
Points   : 801
MonSta   :  2.800000000E+02
MonEnd   :  3.200000000E+02
AnaSta   :  2.000000000E+02
AnaEnd   :  6.000000000E+02
AnaRange :  1.000000000E+04
AnaMin   :  0.000000000E+00
DacSta   :  0.000000000E+00
DacEnd   :  1.000000000E+01
DeltaE   :  0.000000000E+00
MonName  : TGM1
MonType  : 1
MonUnit  : Step/S
MonSpeed :  5.000000000E+02
MonRewind:  0.000000000E+00
MonSweep :  2.000000000E+00
IdPos    :  0.000000000E+00
IdMode   : 0
LiveTime :  0.000000000E+00
DeadTime :  8.000000000E-03
MeasTime :  1.379920000E+03
ScanTime :  1.379843298E+03
ScanCtrl : ENERGY
DelayVal :  0.000000000E+00
SecMeas  : FALSE
XMonFile : 
XAnaFile : 
P_TakeUp : FALSE
ChanOrder: 1,2
Devices  : NAME=KEITHLEY@2,TIME= 3.00000E-02,MODE=1,RANGE=0,AVERAGE=0,TRIGGER=1,OPEN=256,UNIT=a.U.
           NAME=Ringstrom,TIME= 0.00000E+00,MODE=1,RANGE=1,AVERAGE=0,TRIGGER=1,OPEN=0,UNIT=a.U.
Display  : COLOR=$1014C8,TYPE=19,LINE=0,POINT=0,WINNR=4,NAME=
           COLOR=$008000,TYPE=19,LINE=0,POINT=0,WINNR=2,NAME=
Arithm.  : OFFS= 0.000000000E+00,OFFS2= 0.000000000E+00,FUNC=$0,FINR=$0,VAL1=$0,VAL2=$0,OPER=$0,BITS=$0,NAME=STDMATH
           OFFS= 0.000000000E+00,OFFS2= 0.000000000E+00,FUNC=$0,FINR=$0,VAL1=$0,VAL2=$0,OPER=$0,BITS=$0,NAME=STDMATH
DATAVALUE:
BEGIN
 2.8000000E+02  2.089384E-12  1.887125E+02
 2.8005000E+02  2.038182E-12  1.887039E+02
 2.8010000E+02  1.983682E-12  1.886971E+02
 2.8015000E+02  1.959773E-12  1.886901E+02
 2.8020000E+02  1.966121E-12  1.886827E+02
 2.8025000E+02  1.993749E-12  1.886787E+02
 2.8030000E+02  2.012730E-12  1.886716E+02
 2.8035000E+02  2.009655E-12  1.886655E+02
 2.8040000E+02  2.016259E-12  1.886576E+02
 2.8045000E+02  2.018650E-12  1.886525E+02
 2.8050000E+02  1.991049E-12  1.886468E+02
 2.8055000E+02  2.010160E-12  1.886397E+02
 2.8060000E+02  1.992533E-12  1.886305E+02
 2.8065000E+02  1.981276E-12  1.886249E+02
 2.8070000E+02  1.971917E-12  1.886177E+02
 2.8075000E+02  1.968213E-12  1.886123E+02
 2.8080000E+02  2.011252E-12  1.886065E+02
 2.8085000E+02  2.022919E-12  1.885986E+02
 2.8090000E+02  1.988939E-12  1.885951E+02
 2.8095000E+02  1.965929E-12  1.885872E+02
 2.8100000E+02  1.946477E-12  1.885807E+02
 2.8105000E+02  1.997442E-12  1.885735E+02
 2.8110000E+02  1.994924E-12  1.885659E+02
 2.8115000E+02  1.988782E-12  1.885620E+02
 2.8120000E+02  1.988195E-12  1.885556E+02
 2.8125000E+02  1.979879E-12  1.885514E+02
 2.8130000E+02  1.998169E-12  1.885442E+02
 2.8135000E+02  2.005403E-12  1.885378E+02
 2.8140000E+02  2.007167E-12  1.885333E+02
 2.8145000E+02  1.977168E-12  1.885261E+02
 2.8150000E+02  1.976480E-12  1.885156E+02
 2.8155000E+02  2.001609E-12  1.885131E+02
 2.8160000E+02  1.962943E-12  1.885059E+02
 2.8165000E+02  1.965575E-12  1.884989E+02
 2.8170000E+02  1.936316E-12  1.884948E+02
 2.8175000E+02  1.997777E-12  1.884871E+02
 2.8180000E+02  2.006125E-12  1.884799E+02
 2.8185000E+02  2.027996E-12  1.884756E+02
 2.8190000E+02  2.033517E-12  1.884691E+02
 2.8195000E+02  1.982512E-12  1.884612E+02
 2.8200000E+02  1.990729E-12  1.884581E+02
 2.8205000E+02  1.965947E-12  1.884513E+02
 2.8210000E+02  1.972927E-12  1.884431E+02
 2.8215000E+02  1.985914E-12  1.884404E+02
 2.8220000E+02  1.993907E-12  1.884331E+02
 2.8225000E+02  2.019124E-12  1.884253E+02
 2.8230000E+02  1.985930E-12  1.884227E+02
 2.8235000E+02  1.988670E-12  1.884165E+02
 2.8240000E+02  1.973210E-12  1.884048E+02
 2.8245000E+02  1.976172E-12  1.883987E+02
 2.8250000E+02  1.973470E-12  1.883908E+02
 2.8255000E+02  1.967510E-12  1.883864E+02
 2.8260000E+02  2.007887E-12  1.883791E+02
 2.8265000E+02  1.996710E-12  1.883758E+02
 2.8270000E+02  2.055471E-12  1.883707E+02
 2.8275000E+02  2.033663E-12  1.883614E+02
 2.8280000E+02  2.066100E-12  1.883538E+02
 2.8285000E+02  2.128981E-12  1.883506E+02
 2.8290000E+02  2.083878E-12  1.883434E+02
 2.8295000E+02  2.166798E-12  1.883362E+02
 2.8300000E+02  2.158677E-12  1.883305E+02
 2.8305000E+02  2.229027E-12  1.883256E+02
 2.8310000E+02  2.325340E-12  1.883183E+02
 2.8315000E+02  2.465483E-12  1.883123E+02
 2.8320000E+02  2.548008E-12  1.883080E+02
 2.8325000E+02  2.719909E-12  1.882955E+02
 2.8330000E+02  2.903940E-12  1.882897E+02
 2.8335000E+02  3.128987E-12  1.882823E+02
 2.8340000E+02  3.498148E-12  1.882748E+02
 2.8345000E+02  3.874190E-12  1.882704E+02
 2.8350000E+02  4.504526E-12  1.882636E+02
 2.8355000E+02  5.419508E-12  1.882623E+02
 2.8360000E+02  6.614645E-12  1.882554E+02
 2.8365000E+02  7.884678E-12  1.882460E+02
 2.8370000E+02  9.290343E-12  1.882390E+02
 2.8375000E+02  1.042967E-11  1.882350E+02
 2.8380000E+02  1.145977E-11  1.882274E+02
 2.8385000E+02  1.270641E-11  1.882192E+02
 2.8390000E+02  1.408666E-11  1.882130E+02
 2.8395000E+02  1.603389E-11  1.882110E+02
 2.8400000E+02  1.878967E-11  1.882031E+02
 2.8405000E+02  2.233104E-11  1.881952E+02
 2.8410000E+02  2.324852E-11  1.881743E+02
 2.8415000E+02  2.450687E-11  1.881699E+02
 2.8420000E+02  2.540372E-11  1.881633E+02
 2.8425000E+02  2.594325E-11  1.881562E+02
 2.8430000E+02  2.632597E-11  1.881475E+02
 2.8435000E+02  2.665872E-11  1.881447E+02
 2.8440000E+02  2.695173E-11  1.881362E+02
 2.8445000E+02  2.707323E-11  1.881293E+02
 2.8450000E+02  2.691205E-11  1.881263E+02
 2.8455000E+02  2.644584E-11  1.881189E+02
 2.8460000E+02  2.574699E-11  1.881127E+02
 2.8465000E+02  2.501625E-11  1.881090E+02
 2.8470000E+02  2.426379E-11  1.881009E+02
 2.8475000E+02  2.349178E-11  1.880940E+02
 2.8480000E+02  2.227050E-11  1.880865E+02
 2.8485000E+02  2.092727E-11  1.880807E+02
 2.8490000E+02  1.872466E-11  1.880728E+02
 2.8495000E+02  1.716445E-11  1.880585E+02
 2.8500000E+02  1.537315E-11  1.880512E+02
 2.8505000E+02  1.395018E-11  1.880479E+02
 2.8510000E+02  1.301738E-11  1.880392E+02
 2.8515000E+02  1.247107E-11  1.880331E+02
 2.8520000E+02  1.214177E-11  1.880278E+02
 2.8525000E+02  1.192728E-11  1.880215E+02
 2.8530000E+02  1.181277E-11  1.880143E+02
 2.8535000E+02  1.172443E-11  1.880110E+02
 2.8540000E+02  1.157261E-11  1.880050E+02
 2.8545000E+02  1.152829E-11  1.879939E+02
 2.8550000E+02  1.142176E-11  1.879903E+02
 2.8555000E+02  1.138398E-11  1.879819E+02
 2.8560000E+02  1.129808E-11  1.879743E+02
 2.8565000E+02  1.124726E-11  1.879680E+02
 2.8570000E+02  1.115967E-11  1.879602E+02
 2.8575000E+02  1.112864E-11  1.879521E+02
 2.8580000E+02  1.118038E-11  1.879470E+02
 2.8585000E+02  1.117633E-11  1.879439E+02
 2.8590000E+02  1.120778E-11  1.879366E+02
 2.8595000E+02  1.128104E-11  1.879329E+02
 2.8600000E+02  1.136224E-11  1.879257E+02
 2.8605000E+02  1.145185E-11  1.879179E+02
 2.8610000E+02  1.150694E-11  1.879131E+02
 2.8615000E+02  1.152723E-11  1.879073E+02
 2.8620000E+02  1.157212E-11  1.878978E+02
 2.8625000E+02  1.155730E-11  1.878932E+02
 2.8630000E+02  1.160018E-11  1.878845E+02
 2.8635000E+02  1.167540E-11  1.878775E+02
 2.8640000E+02  1.180020E-11  1.878704E+02
 2.8645000E+02  1.182826E-11  1.878661E+02
 2.8650000E+02  1.190591E-11  1.878599E+02
 2.8655000E+02  1.194306E-11  1.878560E+02
 2.8660000E+02  1.196558E-11  1.878439E+02
 2.8665000E+02  1.202654E-11  1.878388E+02
 2.8670000E+02  1.205102E-11  1.878308E+02
 2.8675000E+02  1.213377E-11  1.878269E+02
 2.8680000E+02  1.214227E-11  1.878206E+02
 2.8685000E+02  1.221693E-11  1.878185E+02
 2.8690000E+02  1.229859E-11  1.878094E+02
 2.8695000E+02  1.235116E-11  1.878021E+02
 2.8700000E+02  1.238208E-11  1.877990E+02
 2.8705000E+02  1.248748E-11  1.877916E+02
 2.8710000E+02  1.255618E-11  1.877835E+02
 2.8715000E+02  1.265117E-11  1.877758E+02
 2.8720000E+02  1.272150E-11  1.877717E+02
 2.8725000E+02  1.281150E-11  1.877660E+02
 2.8730000E+02  1.286884E-11  1.877617E+02
 2.8735000E+02  1.292757E-11  1.877544E+02
 2.8740000E+02  1.295308E-11  1.877479E+02
 2.8745000E+02  1.299197E-11  1.877456E+02
 2.8750000E+02  1.298221E-11  1.877332E+02
 2.8755000E+02  1.300029E-11  1.877266E+02
 2.8760000E+02  1.297781E-11  1.877198E+02
 2.8765000E+02  1.297481E-11  1.877152E+02
 2.8770000E+02  1.291538E-11  1.877067E+02
 2.8775000E+02  1.283783E-11  1.876998E+02
 2.8780000E+02  1.270948E-11  1.876960E+02
 2.8785000E+02  1.263463E-11  1.876899E+02
 2.8790000E+02  1.258096E-11  1.876874E+02
 2.8795000E+02  1.256803E-11  1.876808E+02
 2.8800000E+02  1.257952E-11  1.876742E+02
 2.8805000E+02  1.254548E-11  1.876666E+02
 2.8810000E+02  1.250354E-11  1.876635E+02
 2.8815000E+02  1.249175E-11  1.876521E+02
 2.8820000E+02  1.244976E-11  1.876485E+02
 2.8825000E+02  1.239765E-11  1.876400E+02
 2.8830000E+02  1.236946E-11  1.876355E+02
 2.8835000E+02  1.237828E-11  1.876319E+02
 2.8840000E+02  1.240117E-11  1.876229E+02
 2.8845000E+02  1.238222E-11  1.876166E+02
 2.8850000E+02  1.237326E-11  1.876115E+02
 2.8855000E+02  1.237201E-11  1.876068E+02
 2.8860000E+02  1.237781E-11  1.875973E+02
 2.8865000E+02  1.229525E-11  1.875945E+02
 2.8870000E+02  1.226991E-11  1.875869E+02
 2.8875000E+02  1.220608E-11  1.875792E+02
 2.8880000E+02  1.218554E-11  1.875755E+02
 2.8885000E+02  1.217363E-11  1.875698E+02
 2.8890000E+02  1.219640E-11  1.875658E+02
 2.8895000E+02  1.215592E-11  1.875537E+02
 2.8900000E+02  1.216769E-11  1.875471E+02
 2.8905000E+02  1.211177E-11  1.875415E+02
 2.8910000E+02  1.203570E-11  1.875343E+02
 2.8915000E+02  1.195789E-11  1.875297E+02
 2.8920000E+02  1.177362E-11  1.875221E+02
 2.8925000E+02  1.157619E-11  1.875139E+02
 2.8930000E+02  1.143428E-11  1.875127E+02
 2.8935000E+02  1.134648E-11  1.875036E+02
 2.8940000E+02  1.139390E-11  1.874965E+02
 2.8945000E+02  1.145951E-11  1.874877E+02
 2.8950000E+02  1.156260E-11  1.874854E+02
 2.8955000E+02  1.163339E-11  1.874782E+02
 2.8960000E+02  1.176237E-11  1.874718E+02
 2.8965000E+02  1.196734E-11  1.874681E+02
 2.8970000E+02  1.213944E-11  1.874614E+02
 2.8975000E+02  1.233523E-11  1.874570E+02
 2.8980000E+02  1.247785E-11  1.874487E+02
 2.8985000E+02  1.263523E-11  1.874387E+02
 2.8990000E+02  1.274292E-11  1.874315E+02
 2.8995000E+02  1.285817E-11  1.874271E+02
 2.9000000E+02  1.303147E-11  1.874219E+02
 2.9005000E+02  1.314019E-11  1.874135E+02
 2.9010000E+02  1.331652E-11  1.874116E+02
 2.9015000E+02  1.376084E-11  1.874037E+02
 2.9020000E+02  1.428574E-11  1.874003E+02
 2.9025000E+02  1.498149E-11  1.873933E+02
 2.9030000E+02  1.585697E-11  1.873868E+02
 2.9035000E+02  1.665841E-11  1.873840E+02
 2.9040000E+02  1.733223E-11  1.873756E+02
 2.9045000E+02  1.811018E-11  1.873677E+02
 2.9050000E+02  1.901941E-11  1.873654E+02
 2.9055000E+02  2.025040E-11  1.873572E+02
 2.9060000E+02  2.236227E-11  1.873519E+02
 2.9065000E+02  2.282220E-11  1.873370E+02
 2.9070000E+02  2.347841E-11  1.873242E+02
 2.9075000E+02  2.344035E-11  1.873180E+02
 2.9080000E+02  2.309583E-11  1.873144E+02
 2.9085000E+02  2.260414E-11  1.873072E+02
 2.9090000E+02  2.209352E-11  1.873038E+02
 2.9095000E+02  2.144641E-11  1.872961E+02
 2.9100000E+02  2.095669E-11  1.872899E+02
 2.9105000E+02  2.041618E-11  1.872847E+02
 2.9110000E+02  2.009334E-11  1.872780E+02
 2.9115000E+02  2.002024E-11  1.872717E+02
 2.9120000E+02  2.017800E-11  1.872674E+02
 2.9125000E+02  2.028063E-11  1.872592E+02
 2.9130000E+02  2.049457E-11  1.872567E+02
 2.9135000E+02  2.062060E-11  1.872506E+02
 2.9140000E+02  2.067862E-11  1.872423E+02
 2.9145000E+02  2.079709E-11  1.872397E+02
 2.9150000E+02  2.084116E-11  1.872310E+02
 2.9155000E+02  2.102855E-11  1.872216E+02
 2.9160000E+02  2.106540E-11  1.872170E+02
 2.9165000E+02  2.121129E-11  1.872095E+02
 2.9170000E+02  2.133057E-11  1.872024E+02
 2.9175000E+02  2.128818E-11  1.872003E+02
 2.9180000E+02  2.131181E-11  1.871932E+02
 2.9185000E+02  2.127793E-11  1.871860E+02
 2.9190000E+02  2.127169E-11  1.871777E+02
 2.9195000E+02  2.121924E-11  1.871715E+02
 2.9200000E+02  2.118381E-11  1.871682E+02
 2.9205000E+02  2.109696E-11  1.871616E+02
 2.9210000E+02  2.096556E-11  1.871573E+02
 2.9215000E+02  2.083897E-11  1.871512E+02
 2.9220000E+02  2.069520E-11  1.871427E+02
 2.9225000E+02  2.062650E-11  1.871391E+02
 2.9230000E+02  2.053942E-11  1.871321E+02
 2.9235000E+02  2.047284E-11  1.871242E+02
 2.9240000E+02  2.035818E-11  1.871195E+02
 2.9245000E+02  2.029116E-11  1.871150E+02
 2.9250000E+02  2.021474E-11  1.871045E+02
 2.9255000E+02  2.003280E-11  1.870968E+02
 2.9260000E+02  1.986331E-11  1.870929E+02
 2.9265000E+02  1.976823E-11  1.870775E+02
 2.9270000E+02  1.966393E-11  1.870706E+02
 2.9275000E+02  1.960152E-11  1.870643E+02
 2.9280000E+02  1.940710E-11  1.870574E+02
 2.9285000E+02  1.939483E-11  1.870527E+02
 2.9290000E+02  1.935763E-11  1.870481E+02
 2.9295000E+02  1.930358E-11  1.870404E+02
 2.9300000E+02  1.920090E-11  1.870366E+02
 2.9305000E+02  1.923419E-11  1.870306E+02
 2.9310000E+02  1.914015E-11  1.870220E+02
 2.9315000E+02  1.913387E-11  1.870193E+02
 2.9320000E+02  1.911724E-11  1.870122E+02
 2.9325000E+02  1.910351E-11  1.870035E+02
 2.9330000E+02  1.903853E-11  1.869970E+02
 2.9335000E+02  1.909035E-11  1.869908E+02
 2.9340000E+02  1.904747E-11  1.869877E+02
 2.9345000E+02  1.906274E-11  1.869804E+02
 2.9350000E+02  1.903478E-11  1.869715E+02
 2.9355000E+02  1.904995E-11  1.869680E+02
 2.9360000E+02  1.898942E-11  1.869619E+02
 2.9365000E+02  1.902070E-11  1.869589E+02
 2.9370000E+02  1.901623E-11  1.869506E+02
 2.9375000E+02  1.901079E-11  1.869441E+02
 2.9380000E+02  1.901878E-11  1.869320E+02
 2.9385000E+02  1.897867E-11  1.869292E+02
 2.9390000E+02  1.901126E-11  1.869197E+02
 2.9395000E+02  1.896912E-11  1.869135E+02
 2.9400000E+02  1.899286E-11  1.869071E+02
 2.9405000E+02  1.899358E-11  1.869036E+02
 2.9410000E+02  1.895418E-11  1.868966E+02
 2.9415000E+02  1.887019E-11  1.868919E+02
 2.9420000E+02  1.886144E-11  1.868863E+02
 2.9425000E+02  1.884317E-11  1.868816E+02
 2.9430000E+02  1.880573E-11  1.868719E+02
 2.9435000E+02  1.880539E-11  1.868653E+02
 2.9440000E+02  1.876979E-11  1.868608E+02
 2.9445000E+02  1.874671E-11  1.868535E+02
 2.9450000E+02  1.872794E-11  1.868463E+02
 2.9455000E+02  1.861174E-11  1.868427E+02
 2.9460000E+02  1.861101E-11  1.868352E+02
 2.9465000E+02  1.860257E-11  1.868285E+02
 2.9470000E+02  1.863118E-11  1.868243E+02
 2.9475000E+02  1.859168E-11  1.868126E+02
 2.9480000E+02  1.859812E-11  1.868069E+02
 2.9485000E+02  1.857978E-11  1.868000E+02
 2.9490000E+02  1.858321E-11  1.867971E+02
 2.9495000E+02  1.849332E-11  1.867900E+02
 2.9500000E+02  1.850018E-11  1.867832E+02
 2.9505000E+02  1.845000E-11  1.867799E+02
 2.9510000E+02  1.852181E-11  1.867720E+02
 2.9515000E+02  1.854154E-11  1.867690E+02
 2.9520000E+02  1.849047E-11  1.867626E+02
 2.9525000E+02  1.851635E-11  1.867547E+02
 2.9530000E+02  1.847067E-11  1.867490E+02
 2.9535000E+02  1.849224E-11  1.867408E+02
 2.9540000E+02  1.848442E-11  1.867341E+02
 2.9545000E+02  1.848612E-11  1.867214E+02
 2.9550000E+02  1.841026E-11  1.867198E+02
 2.9555000E+02  1.842564E-11  1.867108E+02
 2.9560000E+02  1.842837E-11  1.867084E+02
 2.9565000E+02  1.840785E-11  1.867014E+02
 2.9570000E+02  1.837237E-11  1.866940E+02
 2.9575000E+02  1.831356E-11  1.866864E+02
 2.9580000E+02  1.834139E-11  1.866819E+02
 2.9585000E+02  1.828641E-11  1.866762E+02
 2.9590000E+02  1.827050E-11  1.866695E+02
 2.9595000E+02  1.825108E-11  1.866651E+02
 2.9600000E+02  1.820446E-11  1.866584E+02
 2.9605000E+02  1.817342E-11  1.866550E+02
 2.9610000E+02  1.810305E-11  1.866473E+02
 2.9615000E+02  1.806411E-11  1.866408E+02
 2.9620000E+02  1.807840E-11  1.866368E+02
 2.9625000E+02  1.803604E-11  1.866285E+02
 2.9630000E+02  1.806963E-11  1.866179E+02
 2.9635000E+02  1.802089E-11  1.866116E+02
 2.9640000E+02  1.802006E-11  1.866083E+02
 2.9645000E+02  1.797155E-11  1.866008E+02
 2.9650000E+02  1.794047E-11  1.865987E+02
 2.9655000E+02  1.792547E-11  1.865900E+02
 2.9660000E+02  1.788341E-11  1.865865E+02
 2.9665000E+02  1.789002E-11  1.865865E+02
 2.9670000E+02  1.778567E-11  1.865732E+02
 2.9675000E+02  1.780166E-11  1.865667E+02
 2.9680000E+02  1.780574E-11  1.865603E+02
 2.9685000E+02  1.776426E-11  1.865558E+02
 2.9690000E+02  1.774473E-11  1.865497E+02
 2.9695000E+02  1.771335E-11  1.865419E+02
 2.9700000E+02  1.769415E-11  1.865376E+02
 2.9705000E+02  1.769811E-11  1.865304E+02
 2.9710000E+02  1.767899E-11  1.865269E+02
 2.9715000E+02  1.760714E-11  1.865201E+02
 2.9720000E+02  1.755567E-11  1.865136E+02
 2.9725000E+02  1.758105E-11  1.865097E+02
 2.9730000E+02  1.758643E-11  1.865036E+02
 2.9735000E+02  1.755217E-11  1.864952E+02
 2.9740000E+02  1.750073E-11  1.864887E+02
 2.9745000E+02  1.750699E-11  1.864849E+02
 2.9750000E+02  1.747645E-11  1.864746E+02
 2.9755000E+02  1.741093E-11  1.864721E+02
 2.9760000E+02  1.741519E-11  1.864636E+02
 2.9765000E+02  1.734713E-11  1.864594E+02
 2.9770000E+02  1.731313E-11  1.864534E+02
 2.9775000E+02  1.736233E-11  1.864450E+02
 2.9780000E+02  1.733299E-11  1.864415E+02
 2.9785000E+02  1.735301E-11  1.864355E+02
 2.9790000E+02  1.725796E-11  1.864297E+02
 2.9795000E+02  1.729882E-11  1.864246E+02
 2.9800000E+02  1.719658E-11  1.864204E+02
 2.9805000E+02  1.716613E-11  1.864099E+02
 2.9810000E+02  1.716430E-11  1.864069E+02
 2.9815000E+02  1.717038E-11  1.863991E+02
 2.9820000E+02  1.716034E-11  1.863968E+02
 2.9825000E+02  1.710503E-11  1.863879E+02
 2.9830000E+02  1.715943E-11  1.863813E+02
 2.9835000E+02  1.717443E-11  1.863795E+02
 2.9840000E+02  1.711085E-11  1.863677E+02
 2.9845000E+02  1.714445E-11  1.863651E+02
 2.9850000E+02  1.711450E-11  1.863577E+02
 2.9855000E+02  1.712734E-11  1.863534E+02
 2.9860000E+02  1.707875E-11  1.863472E+02
 2.9865000E+02  1.709957E-11  1.863408E+02
 2.9870000E+02  1.705672E-11  1.863325E+02
 2.9875000E+02  1.712054E-11  1.863286E+02
 2.9880000E+02  1.712699E-11  1.863218E+02
 2.9885000E+02  1.716838E-11  1.863156E+02
 2.9890000E+02  1.712869E-11  1.863080E+02
 2.9895000E+02  1.718183E-11  1.863038E+02
 2.9900000E+02  1.720381E-11  1.862935E+02
 2.9905000E+02  1.720937E-11  1.862862E+02
 2.9910000E+02  1.716334E-11  1.862836E+02
 2.9915000E+02  1.714907E-11  1.862767E+02
 2.9920000E+02  1.721876E-11  1.862738E+02
 2.9925000E+02  1.720060E-11  1.862650E+02
 2.9930000E+02  1.723312E-11  1.862636E+02
 2.9935000E+02  1.720095E-11  1.862549E+02
 2.9940000E+02  1.726195E-11  1.862489E+02
 2.9945000E+02  1.726563E-11  1.862449E+02
 2.9950000E+02  1.719786E-11  1.862377E+02
 2.9955000E+02  1.726791E-11  1.862297E+02
 2.9960000E+02  1.725762E-11  1.862248E+02
 2.9965000E+02  1.729850E-11  1.862194E+02
 2.9970000E+02  1.730937E-11  1.862165E+02
 2.9975000E+02  1.731868E-11  1.862096E+02
 2.9980000E+02  1.731420E-11  1.862048E+02
 2.9985000E+02  1.731934E-11  1.861986E+02
 2.9990000E+02  1.738671E-11  1.861905E+02
 2.9995000E+02  1.736949E-11  1.861873E+02
 3.0000000E+02  1.737233E-11  1.861753E+02
 3.0005000E+02  1.740884E-11  1.861686E+02
 3.0010000E+02  1.747558E-11  1.861649E+02
 3.0015000E+02  1.750584E-11  1.861628E+02
 3.0020000E+02  1.757089E-11  1.861567E+02
 3.0025000E+02  1.764796E-11  1.861515E+02
 3.0030000E+02  1.761128E-11  1.861458E+02
 3.0035000E+02  1.762579E-11  1.861371E+02
 3.0040000E+02  1.769583E-11  1.861300E+02
 3.0045000E+02  1.767579E-11  1.861230E+02
 3.0050000E+02  1.770868E-11  1.861201E+02
 3.0055000E+02  1.771707E-11  1.861115E+02
 3.0060000E+02  1.771266E-11  1.861033E+02
 3.0065000E+02  1.772754E-11  1.861012E+02
 3.0070000E+02  1.780623E-11  1.860938E+02
 3.0075000E+02  1.776701E-11  1.860906E+02
 3.0080000E+02  1.775274E-11  1.860835E+02
 3.0085000E+02  1.777943E-11  1.860766E+02
 3.0090000E+02  1.780496E-11  1.860703E+02
 3.0095000E+02  1.779540E-11  1.860661E+02
 3.0100000E+02  1.781762E-11  1.860584E+02
 3.0105000E+02  1.789152E-11  1.860557E+02
 3.0110000E+02  1.790991E-11  1.860454E+02
 3.0115000E+02  1.798323E-11  1.860390E+02
 3.0120000E+02  1.799876E-11  1.860362E+02
 3.0125000E+02  1.805728E-11  1.860278E+02
 3.0130000E+02  1.806965E-11  1.860208E+02
 3.0135000E+02  1.811087E-11  1.860145E+02
 3.0140000E+02  1.816121E-11  1.860098E+02
 3.0145000E+02  1.821389E-11  1.860036E+02
 3.0150000E+02  1.825048E-11  1.859957E+02
 3.0155000E+02  1.829617E-11  1.859928E+02
 3.0160000E+02  1.834178E-11  1.859856E+02
 3.0165000E+02  1.843229E-11  1.859822E+02
 3.0170000E+02  1.850399E-11  1.859736E+02
 3.0175000E+02  1.851942E-11  1.859670E+02
 3.0180000E+02  1.856081E-11  1.859626E+02
 3.0185000E+02  1.863086E-11  1.859565E+02
 3.0190000E+02  1.863405E-11  1.859539E+02
 3.0195000E+02  1.872102E-11  1.859456E+02
 3.0200000E+02  1.876237E-11  1.859406E+02
 3.0205000E+02  1.887199E-11  1.859323E+02
 3.0210000E+02  1.892791E-11  1.859297E+02
 3.0215000E+02  1.904232E-11  1.859225E+02
 3.0220000E+02  1.907791E-11  1.859157E+02
 3.0225000E+02  1.913926E-11  1.859116E+02
 3.0230000E+02  1.908958E-11  1.859003E+02
 3.0235000E+02  1.906595E-11  1.858938E+02
 3.0240000E+02  1.908891E-11  1.858878E+02
 3.0245000E+02  1.920844E-11  1.858849E+02
 3.0250000E+02  1.920827E-11  1.858772E+02
 3.0255000E+02  1.925182E-11  1.858741E+02
 3.0260000E+02  1.925902E-11  1.858666E+02
 3.0265000E+02  1.927719E-11  1.858621E+02
 3.0270000E+02  1.934293E-11  1.858550E+02
 3.0275000E+02  1.934541E-11  1.858484E+02
 3.0280000E+02  1.936610E-11  1.858448E+02
 3.0285000E+02  1.932685E-11  1.858376E+02
 3.0290000E+02  1.939123E-11  1.858304E+02
 3.0295000E+02  1.937415E-11  1.858239E+02
 3.0300000E+02  1.933689E-11  1.858194E+02
 3.0305000E+02  1.934050E-11  1.858125E+02
 3.0310000E+02  1.931413E-11  1.858080E+02
 3.0315000E+02  1.931630E-11  1.858032E+02
 3.0320000E+02  1.935378E-11  1.857909E+02
 3.0325000E+02  1.932235E-11  1.857869E+02
 3.0330000E+02  1.923844E-11  1.857824E+02
 3.0335000E+02  1.928112E-11  1.857739E+02
 3.0340000E+02  1.924835E-11  1.857705E+02
 3.0345000E+02  1.920253E-11  1.857638E+02
 3.0350000E+02  1.924771E-11  1.857565E+02
 3.0355000E+02  1.921377E-11  1.857535E+02
 3.0360000E+02  1.921169E-11  1.857470E+02
 3.0365000E+02  1.915483E-11  1.857395E+02
 3.0370000E+02  1.909111E-11  1.857352E+02
 3.0375000E+02  1.908068E-11  1.857325E+02
 3.0380000E+02  1.910640E-11  1.857243E+02
 3.0385000E+02  1.907511E-11  1.857151E+02
 3.0390000E+02  1.909482E-11  1.857101E+02
 3.0395000E+02  1.912077E-11  1.857039E+02
 3.0400000E+02  1.903712E-11  1.856976E+02
 3.0405000E+02  1.903854E-11  1.856927E+02
 3.0410000E+02  1.908202E-11  1.856856E+02
 3.0415000E+02  1.910191E-11  1.856828E+02
 3.0420000E+02  1.904760E-11  1.856774E+02
 3.0425000E+02  1.902698E-11  1.856690E+02
 3.0430000E+02  1.905068E-11  1.856650E+02
 3.0435000E+02  1.904967E-11  1.856569E+02
 3.0440000E+02  1.906286E-11  1.856499E+02
 3.0445000E+02  1.907335E-11  1.856457E+02
 3.0450000E+02  1.906737E-11  1.856369E+02
 3.0455000E+02  1.909264E-11  1.856297E+02
 3.0460000E+02  1.910109E-11  1.856261E+02
 3.0465000E+02  1.912251E-11  1.856168E+02
 3.0470000E+02  1.912149E-11  1.856085E+02
 3.0475000E+02  1.913776E-11  1.856057E+02
 3.0480000E+02  1.917023E-11  1.855974E+02
 3.0485000E+02  1.918018E-11  1.855948E+02
 3.0490000E+02  1.916260E-11  1.855866E+02
 3.0495000E+02  1.919313E-11  1.855792E+02
 3.0500000E+02  1.925344E-11  1.855732E+02
 3.0505000E+02  1.929925E-11  1.855662E+02
 3.0510000E+02  1.923939E-11  1.855632E+02
 3.0515000E+02  1.930883E-11  1.855556E+02
 3.0520000E+02  1.938563E-11  1.855517E+02
 3.0525000E+02  1.944088E-11  1.855448E+02
 3.0530000E+02  1.944915E-11  1.855337E+02
 3.0535000E+02  1.948097E-11  1.855310E+02
 3.0540000E+02  1.957604E-11  1.855228E+02
 3.0545000E+02  1.960971E-11  1.855198E+02
 3.0550000E+02  1.956615E-11  1.855130E+02
 3.0555000E+02  1.966863E-11  1.855071E+02
 3.0560000E+02  1.968970E-11  1.855041E+02
 3.0565000E+02  1.982381E-11  1.854950E+02
 3.0570000E+02  1.987231E-11  1.854852E+02
 3.0575000E+02  1.985949E-11  1.854816E+02
 3.0580000E+02  1.992639E-11  1.854753E+02
 3.0585000E+02  2.000211E-11  1.854702E+02
 3.0590000E+02  2.005894E-11  1.854638E+02
 3.0595000E+02  2.011672E-11  1.854564E+02
 3.0600000E+02  2.012703E-11  1.854503E+02
 3.0605000E+02  2.014998E-11  1.854471E+02
 3.0610000E+02  2.019948E-11  1.854406E+02
 3.0615000E+02  2.024239E-11  1.854367E+02
 3.0620000E+02  2.029288E-11  1.854299E+02
 3.0625000E+02  2.031217E-11  1.854238E+02
 3.0630000E+02  2.033201E-11  1.854193E+02
 3.0635000E+02  2.038351E-11  1.854120E+02
 3.0640000E+02  2.042365E-11  1.854080E+02
 3.0645000E+02  2.041400E-11  1.854010E+02
 3.0650000E+02  2.041977E-11  1.853938E+02
 3.0655000E+02  2.038405E-11  1.853911E+02
 3.0660000E+02  2.040545E-11  1.853836E+02
 3.0665000E+02  2.040875E-11  1.853755E+02
 3.0670000E+02  2.041390E-11  1.853702E+02
 3.0675000E+02  2.043506E-11  1.853631E+02
 3.0680000E+02  2.046015E-11  1.853603E+02
 3.0685000E+02  2.046307E-11  1.853533E+02
 3.0690000E+02  2.047796E-11  1.853506E+02
 3.0695000E+02  2.050698E-11  1.853440E+02
 3.0700000E+02  2.049426E-11  1.853363E+02
 3.0705000E+02  2.045530E-11  1.853287E+02
 3.0710000E+02  2.049412E-11  1.853252E+02
 3.0715000E+02  2.048495E-11  1.853168E+02
 3.0720000E+02  2.042366E-11  1.853148E+02
 3.0725000E+02  2.043201E-11  1.853083E+02
 3.0730000E+02  2.039339E-11  1.852993E+02
 3.0735000E+02  2.035707E-11  1.852979E+02
 3.0740000E+02  2.032446E-11  1.852901E+02
 3.0745000E+02  2.029567E-11  1.852832E+02
 3.0750000E+02  2.028641E-11  1.852793E+02
 3.0755000E+02  2.026979E-11  1.852710E+02
 3.0760000E+02  2.027630E-11  1.852631E+02
 3.0765000E+02  2.011329E-11  1.852606E+02
 3.0770000E+02  2.005198E-11  1.852509E+02
 3.0775000E+02  2.003178E-11  1.852474E+02
 3.0780000E+02  1.997297E-11  1.852401E+02
 3.0785000E+02  1.991049E-11  1.852337E+02
 3.0790000E+02  1.983574E-11  1.852307E+02
 3.0795000E+02  1.980893E-11  1.852236E+02
 3.0800000E+02  1.974532E-11  1.852164E+02
 3.0805000E+02  1.972595E-11  1.852127E+02
 3.0810000E+02  1.969609E-11  1.852063E+02
 3.0815000E+02  1.956562E-11  1.851995E+02
 3.0820000E+02  1.950781E-11  1.851954E+02
 3.0825000E+02  1.944587E-11  1.851883E+02
 3.0830000E+02  1.941249E-11  1.851843E+02
 3.0835000E+02  1.935782E-11  1.851784E+02
 3.0840000E+02  1.927167E-11  1.851714E+02
 3.0845000E+02  1.922848E-11  1.851687E+02
 3.0850000E+02  1.918186E-11  1.851593E+02
 3.0855000E+02  1.907458E-11  1.851501E+02
 3.0860000E+02  1.907633E-11  1.851472E+02
 3.0865000E+02  1.905136E-11  1.851406E+02
 3.0870000E+02  1.903271E-11  1.851334E+02
 3.0875000E+02  1.900824E-11  1.851294E+02
 3.0880000E+02  1.895764E-11  1.851233E+02
 3.0885000E+02  1.886245E-11  1.851187E+02
 3.0890000E+02  1.878846E-11  1.851110E+02
 3.0895000E+02  1.870752E-11  1.851090E+02
 3.0900000E+02  1.868360E-11  1.851011E+02
 3.0905000E+02  1.859420E-11  1.850942E+02
 3.0910000E+02  1.859486E-11  1.850884E+02
 3.0915000E+02  1.855180E-11  1.850844E+02
 3.0920000E+02  1.854885E-11  1.850767E+02
 3.0925000E+02  1.851464E-11  1.850728E+02
 3.0930000E+02  1.848596E-11  1.850655E+02
 3.0935000E+02  1.842317E-11  1.850632E+02
 3.0940000E+02  1.835706E-11  1.850541E+02
 3.0945000E+02  1.826426E-11  1.850524E+02
 3.0950000E+02  1.815103E-11  1.850448E+02
 3.0955000E+02  1.814376E-11  1.850395E+02
 3.0960000E+02  1.811094E-11  1.850341E+02
 3.0965000E+02  1.808460E-11  1.850278E+02
 3.0970000E+02  1.807391E-11  1.850242E+02
 3.0975000E+02  1.801055E-11  1.850158E+02
 3.0980000E+02  1.790122E-11  1.850139E+02
 3.0985000E+02  1.789837E-11  1.850061E+02
 3.0990000E+02  1.779808E-11  1.849991E+02
 3.0995000E+02  1.772342E-11  1.849969E+02
 3.1000000E+02  1.766746E-11  1.849861E+02
 3.1005000E+02  1.761342E-11  1.849838E+02
 3.1010000E+02  1.750462E-11  1.849757E+02
 3.1015000E+02  1.745594E-11  1.849723E+02
 3.1020000E+02  1.741915E-11  1.849654E+02
 3.1025000E+02  1.735310E-11  1.849621E+02
 3.1030000E+02  1.734083E-11  1.849556E+02
 3.1035000E+02  1.725258E-11  1.849478E+02
 3.1040000E+02  1.716077E-11  1.849447E+02
 3.1045000E+02  1.707447E-11  1.849368E+02
 3.1050000E+02  1.701939E-11  1.849348E+02
 3.1055000E+02  1.692288E-11  1.849271E+02
 3.1060000E+02  1.687971E-11  1.849230E+02
 3.1065000E+02  1.678593E-11  1.849154E+02
 3.1070000E+02  1.672040E-11  1.849097E+02
 3.1075000E+02  1.670715E-11  1.849052E+02
 3.1080000E+02  1.665811E-11  1.848980E+02
 3.1085000E+02  1.660081E-11  1.848894E+02
 3.1090000E+02  1.652871E-11  1.848869E+02
 3.1095000E+02  1.646328E-11  1.848775E+02
 3.1100000E+02  1.639713E-11  1.848739E+02
 3.1105000E+02  1.632448E-11  1.848682E+02
 3.1110000E+02  1.624991E-11  1.848634E+02
 3.1115000E+02  1.617152E-11  1.848555E+02
 3.1120000E+02  1.618256E-11  1.848517E+02
 3.1125000E+02  1.610788E-11  1.848466E+02
 3.1130000E+02  1.608097E-11  1.848391E+02
 3.1135000E+02  1.606919E-11  1.848315E+02
 3.1140000E+02  1.604698E-11  1.848293E+02
 3.1145000E+02  1.598756E-11  1.848219E+02
 3.1150000E+02  1.594110E-11  1.848193E+02
 3.1155000E+02  1.589483E-11  1.848115E+02
 3.1160000E+02  1.587001E-11  1.848075E+02
 3.1165000E+02  1.578179E-11  1.848013E+02
 3.1170000E+02  1.576378E-11  1.847949E+02
 3.1175000E+02  1.577784E-11  1.847887E+02
 3.1180000E+02  1.571255E-11  1.847832E+02
 3.1185000E+02  1.567682E-11  1.847735E+02
 3.1190000E+02  1.565164E-11  1.847678E+02
 3.1195000E+02  1.565290E-11  1.847638E+02
 3.1200000E+02  1.561973E-11  1.847575E+02
 3.1205000E+02  1.564406E-11  1.847527E+02
 3.1210000E+02  1.560286E-11  1.847459E+02
 3.1215000E+02  1.558928E-11  1.847389E+02
 3.1220000E+02  1.555234E-11  1.847355E+02
 3.1225000E+02  1.557633E-11  1.847275E+02
 3.1230000E+02  1.555554E-11  1.847213E+02
 3.1235000E+02  1.554289E-11  1.847180E+02
 3.1240000E+02  1.558236E-11  1.847100E+02
 3.1245000E+02  1.555844E-11  1.847038E+02
 3.1250000E+02  1.558811E-11  1.846994E+02
 3.1255000E+02  1.561942E-11  1.846925E+02
 3.1260000E+02  1.559303E-11  1.846891E+02
 3.1265000E+02  1.554191E-11  1.846814E+02
 3.1270000E+02  1.557093E-11  1.846750E+02
 3.1275000E+02  1.559192E-11  1.846681E+02
 3.1280000E+02  1.559060E-11  1.846649E+02
 3.1285000E+02  1.559611E-11  1.846564E+02
 3.1290000E+02  1.559553E-11  1.846501E+02
 3.1295000E+02  1.559526E-11  1.846465E+02
 3.1300000E+02  1.561392E-11  1.846398E+02
 3.1305000E+02  1.563470E-11  1.846336E+02
 3.1310000E+02  1.566818E-11  1.846299E+02
 3.1315000E+02  1.567157E-11  1.846228E+02
 3.1320000E+02  1.565837E-11  1.846205E+02
 3.1325000E+02  1.571254E-11  1.846177E+02
 3.1330000E+02  1.572137E-11  1.846068E+02
 3.1335000E+02  1.573671E-11  1.845991E+02
 3.1340000E+02  1.574189E-11  1.845930E+02
 3.1345000E+02  1.576081E-11  1.845890E+02
 3.1350000E+02  1.575315E-11  1.845830E+02
 3.1355000E+02  1.579330E-11  1.845761E+02
 3.1360000E+02  1.579797E-11  1.845732E+02
 3.1365000E+02  1.580630E-11  1.845711E+02
 3.1370000E+02  1.582423E-11  1.845620E+02
 3.1375000E+02  1.587463E-11  1.845554E+02
 3.1380000E+02  1.587796E-11  1.845527E+02
 3.1385000E+02  1.587274E-11  1.845432E+02
 3.1390000E+02  1.590978E-11  1.845382E+02
 3.1395000E+02  1.590433E-11  1.845320E+02
 3.1400000E+02  1.589875E-11  1.845278E+02
 3.1405000E+02  1.585844E-11  1.845204E+02
 3.1410000E+02  1.595766E-11  1.845138E+02
 3.1415000E+02  1.594066E-11  1.845102E+02
 3.1420000E+02  1.601417E-11  1.845020E+02
 3.1425000E+02  1.598859E-11  1.844931E+02
 3.1430000E+02  1.598900E-11  1.844893E+02
 3.1435000E+02  1.601152E-11  1.844820E+02
 3.1440000E+02  1.602813E-11  1.844787E+02
 3.1445000E+02  1.605772E-11  1.844717E+02
 3.1450000E+02  1.604725E-11  1.844656E+02
 3.1455000E+02  1.601643E-11  1.844577E+02
 3.1460000E+02  1.600775E-11  1.844503E+02
 3.1465000E+02  1.596091E-11  1.844434E+02
 3.1470000E+02  1.597945E-11  1.844405E+02
 3.1475000E+02  1.604123E-11  1.844339E+02
 3.1480000E+02  1.606602E-11  1.844298E+02
 3.1485000E+02  1.602876E-11  1.844233E+02
 3.1490000E+02  1.607273E-11  1.844159E+02
 3.1495000E+02  1.605734E-11  1.844104E+02
 3.1500000E+02  1.602224E-11  1.844023E+02
 3.1505000E+02  1.605367E-11  1.843958E+02
 3.1510000E+02  1.606181E-11  1.843890E+02
 3.1515000E+02  1.606380E-11  1.843863E+02
 3.1520000E+02  1.611566E-11  1.843798E+02
 3.1525000E+02  1.609151E-11  1.843764E+02
 3.1530000E+02  1.611496E-11  1.843683E+02
 3.1535000E+02  1.609207E-11  1.843649E+02
 3.1540000E+02  1.609078E-11  1.843577E+02
 3.1545000E+02  1.610045E-11  1.843509E+02
 3.1550000E+02  1.610156E-11  1.843482E+02
 3.1555000E+02  1.605959E-11  1.843399E+02
 3.1560000E+02  1.602211E-11  1.843313E+02
 3.1565000E+02  1.601373E-11  1.843295E+02
 3.1570000E+02  1.601286E-11  1.843236E+02
 3.1575000E+02  1.604273E-11  1.843169E+02
 3.1580000E+02  1.605077E-11  1.843139E+02
 3.1585000E+02  1.598051E-11  1.843107E+02
 3.1590000E+02  1.595359E-11  1.843038E+02
 3.1595000E+02  1.595563E-11  1.842937E+02
 3.1600000E+02  1.593042E-11  1.842892E+02
 3.1605000E+02  1.594163E-11  1.842829E+02
 3.1610000E+02  1.588601E-11  1.842755E+02
 3.1615000E+02  1.594056E-11  1.842732E+02
 3.1620000E+02  1.589832E-11  1.842667E+02
 3.1625000E+02  1.591657E-11  1.842636E+02
 3.1630000E+02  1.590404E-11  1.842552E+02
 3.1635000E+02  1.588911E-11  1.842482E+02
 3.1640000E+02  1.584421E-11  1.842443E+02
 3.1645000E+02  1.584048E-11  1.842369E+02
 3.1650000E+02  1.579178E-11  1.842360E+02
 3.1655000E+02  1.577957E-11  1.842227E+02
 3.1660000E+02  1.578288E-11  1.842191E+02
 3.1665000E+02  1.576175E-11  1.842141E+02
 3.1670000E+02  1.569300E-11  1.842063E+02
 3.1675000E+02  1.573789E-11  1.842005E+02
 3.1680000E+02  1.571082E-11  1.841971E+02
 3.1685000E+02  1.566736E-11  1.841885E+02
 3.1690000E+02  1.564735E-11  1.841873E+02
 3.1695000E+02  1.562345E-11  1.841794E+02
 3.1700000E+02  1.560526E-11  1.841748E+02
 3.1705000E+02  1.562129E-11  1.841684E+02
 3.1710000E+02  1.555661E-11  1.841611E+02
 3.1715000E+02  1.556918E-11  1.841593E+02
 3.1720000E+02  1.552768E-11  1.841505E+02
 3.1725000E+02  1.552934E-11  1.841448E+02
 3.1730000E+02  1.550049E-11  1.841408E+02
 3.1735000E+02  1.550176E-11  1.841347E+02
 3.1740000E+02  1.552440E-11  1.841312E+02
 3.1745000E+02  1.551469E-11  1.841229E+02
 3.1750000E+02  1.546567E-11  1.841161E+02
 3.1755000E+02  1.546372E-11  1.841090E+02
 3.1760000E+02  1.546032E-11  1.841052E+02
 3.1765000E+02  1.549396E-11  1.840982E+02
 3.1770000E+02  1.543516E-11  1.840906E+02
 3.1775000E+02  1.541112E-11  1.840879E+02
 3.1780000E+02  1.540690E-11  1.840809E+02
 3.1785000E+02  1.539371E-11  1.840748E+02
 3.1790000E+02  1.541060E-11  1.840718E+02
 3.1795000E+02  1.538760E-11  1.840659E+02
 3.1800000E+02  1.541808E-11  1.840613E+02
 3.1805000E+02  1.538086E-11  1.840547E+02
 3.1810000E+02  1.534319E-11  1.840507E+02
 3.1815000E+02  1.536802E-11  1.840438E+02
 3.1820000E+02  1.541966E-11  1.840400E+02
 3.1825000E+02  1.540889E-11  1.840338E+02
 3.1830000E+02  1.541523E-11  1.840273E+02
 3.1835000E+02  1.536876E-11  1.840237E+02
 3.1840000E+02  1.537178E-11  1.840127E+02
 3.1845000E+02  1.537207E-11  1.840075E+02
 3.1850000E+02  1.541297E-11  1.840039E+02
 3.1855000E+02  1.539754E-11  1.839970E+02
 3.1860000E+02  1.543866E-11  1.839931E+02
 3.1865000E+02  1.542343E-11  1.839845E+02
 3.1870000E+02  1.545518E-11  1.839818E+02
 3.1875000E+02  1.545602E-11  1.839759E+02
 3.1880000E+02  1.548641E-11  1.839681E+02
 3.1885000E+02  1.548742E-11  1.839648E+02
 3.1890000E+02  1.550708E-11  1.839567E+02
 3.1895000E+02  1.548517E-11  1.839539E+02
 3.1900000E+02  1.547187E-11  1.839476E+02
 3.1905000E+02  1.831815E-12  1.839440E+02
 3.1910000E+02 -1.301538E-13  1.839371E+02
 3.1915000E+02  8.221571E-14  1.839316E+02
 3.1920000E+02  1.125665E-14  1.839261E+02
 3.1925000E+02  9.953147E-15  1.839190E+02
 3.1930000E+02 -8.012897E-15  1.839174E+02
 3.1935000E+02 -1.382690E-14  1.839110E+02
 3.1940000E+02 -2.121243E-14  1.839064E+02
 3.1945000E+02 -2.388266E-14  1.838957E+02
 3.1950000E+02 -1.120442E-14  1.838917E+02
 3.1955000E+02 -3.048768E-14  1.838858E+02
 3.1960000E+02 -2.242112E-14  1.838825E+02
 3.1965000E+02 -2.069095E-14  1.838750E+02
 3.1970000E+02  4.306511E-15  1.838719E+02
 3.1975000E+02  3.117833E-15  1.838663E+02
 3.1980000E+02 -1.693728E-14  1.838624E+02
 3.1985000E+02 -1.688937E-14  1.838541E+02
 3.1990000E+02  1.457890E-14  1.838490E+02
 3.1995000E+02  2.986866E-15  1.838460E+02
 3.2000000E+02 -4.159893E-14  1.838369E+02
END
