
 2.7000000E+02  2.153293E-12  1.922464E+02
 2.7100000E+02  2.129591E-12  1.922273E+02
 2.7200000E+02  2.107039E-12  1.922084E+02
 2.7300000E+02  2.077157E-12  1.921896E+02
 2.7400000E+02  2.092052E-12  1.921752E+02
 2.7500000E+02  2.083387E-12  1.921582E+02
 2.7600000E+02  2.054276E-12  1.921425E+02
 2.7700000E+02  2.048946E-12  1.921225E+02
 2.7800000E+02  2.112748E-12  1.921005E+02
 2.7900000E+02  2.090986E-12  1.920807E+02
 2.8000000E+02  2.081493E-12  1.920674E+02
 2.8100000E+02  2.043929E-12  1.920478E+02
 2.8200000E+02  2.043880E-12  1.920282E+02
 2.8300000E+02  2.189823E-12  1.920153E+02
 2.8400000E+02  1.891003E-11  1.919960E+02
 2.8500000E+02  1.602415E-11  1.919799E+02
 2.8600000E+02  1.163896E-11  1.919638E+02
 2.8700000E+02  1.276244E-11  1.919467E+02
 2.8800000E+02  1.286733E-11  1.919288E+02
 2.8900000E+02  1.243965E-11  1.919099E+02
 2.9000000E+02  1.335940E-11  1.918913E+02
 2.9100000E+02  2.161875E-11  1.918768E+02
 2.9200000E+02  2.170276E-11  1.918479E+02
 2.9300000E+02  1.982364E-11  1.918327E+02
 2.9400000E+02  1.949588E-11  1.918076E+02
 2.9500000E+02  1.908052E-11  1.917845E+02
 2.9600000E+02  1.867680E-11  1.917668E+02
 2.9700000E+02  1.825036E-11  1.917489E+02
 2.9800000E+02  1.784573E-11  1.917333E+02
 2.9900000E+02  1.779163E-11  1.917159E+02
 3.0000000E+02  1.799443E-11  1.917006E+02
 3.0100000E+02  1.839350E-11  1.916848E+02
 3.0200000E+02  1.945964E-11  1.916648E+02
 3.0300000E+02  2.003729E-11  1.916486E+02
 3.0400000E+02  1.972296E-11  1.916305E+02
 3.0500000E+02  1.991972E-11  1.916107E+02
 3.0600000E+02  2.093322E-11  1.915916E+02
 3.0700000E+02  2.163063E-11  1.915768E+02
 3.0800000E+02  2.068641E-11  1.915467E+02
 3.0900000E+02  1.958308E-11  1.915298E+02
 3.1000000E+02  1.840448E-11  1.915035E+02
 3.1100000E+02  1.710926E-11  1.914894E+02
 3.1200000E+02  1.627363E-11  1.914739E+02
 3.1300000E+02  1.634221E-11  1.914542E+02
 3.1400000E+02  1.663228E-11  1.914367E+02
 3.1500000E+02  1.687097E-11  1.914171E+02
 3.1600000E+02  1.679844E-11  1.914008E+02
 3.1700000E+02  1.647995E-11  1.913872E+02
 3.1800000E+02  1.627953E-11  1.913684E+02
 3.1900000E+02  1.629163E-11  1.913537E+02
 3.2000000E+02  1.646278E-11  1.913401E+02
 3.2100000E+02  1.671620E-11  1.913254E+02
 3.2200000E+02  1.698337E-11  1.913097E+02
 3.2300000E+02  1.735536E-11  1.912937E+02
 3.2400000E+02  1.780506E-11  1.912728E+02
 3.2500000E+02  1.824260E-11  1.912585E+02
 3.2600000E+02  1.860471E-11  1.912427E+02
 3.2700000E+02  1.880194E-11  1.912252E+02
 3.2800000E+02  1.903420E-11  1.912090E+02
 3.2900000E+02  1.926157E-11  1.911959E+02
 3.3000000E+02  1.938704E-11  1.911807E+02
 3.3100000E+02  1.938844E-11  1.911656E+02
 3.3200000E+02  1.926055E-11  1.911458E+02
 3.3300000E+02  1.911592E-11  1.911319E+02
 3.3400000E+02  1.883791E-11  1.911169E+02
 3.3500000E+02  1.859721E-11  1.911037E+02
 3.3600000E+02  1.838985E-11  1.910832E+02
 3.3700000E+02  1.823235E-11  1.910669E+02
 3.3800000E+02  1.802429E-11  1.910506E+02
 3.3900000E+02  1.788437E-11  1.910365E+02
 3.4000000E+02  1.787697E-11  1.910218E+02
 3.4100000E+02  1.783334E-11  1.910072E+02
 3.4200000E+02  1.787734E-11  1.909914E+02
 3.4300000E+02  1.795048E-11  1.909730E+02
 3.4400000E+02  1.800701E-11  1.909584E+02
 3.4500000E+02  1.812834E-11  1.909431E+02
 3.4600000E+02  1.816053E-11  1.909257E+02
 3.4700000E+02  1.802097E-11  1.909117E+02
 3.4800000E+02  1.575205E-11  1.908975E+02
 3.4900000E+02  1.865962E-11  1.908806E+02
 3.5000000E+02  1.843770E-11  1.908647E+02
 3.5100000E+02  1.710582E-11  1.908482E+02
 3.5200000E+02  1.885347E-11  1.908358E+02
 3.5300000E+02  1.919542E-11  1.908171E+02
 3.5400000E+02  1.948851E-11  1.908031E+02
 3.5500000E+02  1.971562E-11  1.907870E+02
 3.5600000E+02  1.993477E-11  1.907738E+02
 3.5700000E+02  2.012067E-11  1.907552E+02
 3.5800000E+02  2.044062E-11  1.907378E+02
 3.5900000E+02  2.059632E-11  1.907216E+02
 3.6000000E+02  2.076774E-11  1.907076E+02
 3.6100000E+02  2.132896E-11  1.906878E+02
 3.6200000E+02  2.113871E-11  1.906622E+02
 3.6300000E+02  2.128772E-11  1.906487E+02
 3.6400000E+02  2.143715E-11  1.906341E+02
 3.6500000E+02  2.152782E-11  1.906132E+02
 3.6600000E+02  2.166242E-11  1.906021E+02
 3.6700000E+02  2.182341E-11  1.905870E+02
 3.6800000E+02  2.196385E-11  1.905719E+02
 3.6900000E+02  2.195299E-11  1.905593E+02
 3.7000000E+02  2.205352E-11  1.905465E+02
 3.7100000E+02  2.200851E-11  1.905278E+02
 3.7200000E+02  2.207690E-11  1.905101E+02
 3.7300000E+02  2.209308E-11  1.904955E+02
 3.7400000E+02  2.212641E-11  1.904829E+02
 3.7500000E+02  2.218489E-11  1.904668E+02
 3.7600000E+02  2.229977E-11  1.904470E+02
 3.7700000E+02  2.241645E-11  1.904331E+02
 3.7800000E+02  2.255654E-11  1.904240E+02
 3.7900000E+02  2.262740E-11  1.904088E+02
 3.8000000E+02  2.277810E-11  1.903946E+02
 3.8100000E+02  2.299633E-11  1.903793E+02
 3.8200000E+02  2.318210E-11  1.903612E+02
 3.8300000E+02  2.336354E-11  1.903488E+02
 3.8400000E+02  2.358621E-11  1.903310E+02
 3.8500000E+02  2.379262E-11  1.903196E+02
 3.8600000E+02  2.394250E-11  1.903056E+02
 3.8700000E+02  2.408876E-11  1.902906E+02
 3.8800000E+02  2.413987E-11  1.902757E+02
 3.8900000E+02  2.415441E-11  1.902630E+02
 3.9000000E+02  2.418491E-11  1.902468E+02
 3.9100000E+02  2.419381E-11  1.902278E+02
 3.9200000E+02  2.410106E-11  1.902137E+02
 3.9300000E+02  2.414787E-11  1.902008E+02
 3.9400000E+02  2.404156E-11  1.901866E+02
 3.9500000E+02  2.400192E-11  1.901736E+02
 3.9600000E+02  2.383006E-11  1.901580E+02
 3.9700000E+02  2.371038E-11  1.901433E+02
 3.9800000E+02  2.357955E-11  1.901301E+02
 3.9900000E+02  2.376961E-11  1.901109E+02
 4.0000000E+02  2.404817E-11  1.900950E+02
 4.0100000E+02  2.426513E-11  1.900817E+02
 4.0200000E+02  2.422464E-11  1.900670E+02
 4.0300000E+02  2.428715E-11  1.900530E+02
 4.0400000E+02  2.436862E-11  1.900405E+02
 4.0500000E+02  2.447178E-11  1.900253E+02
 4.0600000E+02  2.461929E-11  1.900099E+02
 4.0700000E+02  2.469427E-11  1.900004E+02
 4.0800000E+02  2.478826E-11  1.899860E+02
 4.0900000E+02  2.485324E-11  1.899706E+02
 4.1000000E+02  2.488252E-11  1.899527E+02
 4.1100000E+02  2.489750E-11  1.899375E+02
 4.1200000E+02  2.494374E-11  1.899244E+02
 4.1300000E+02  2.481766E-11  1.899114E+02
 4.1400000E+02  2.482336E-11  1.898977E+02
 4.1500000E+02  2.471916E-11  1.898833E+02
 4.1600000E+02  2.468886E-11  1.898698E+02
 4.1700000E+02  2.458561E-11  1.898543E+02
 4.1800000E+02  2.450712E-11  1.898386E+02
 4.1900000E+02  2.445015E-11  1.898248E+02
 4.2000000E+02  2.439273E-11  1.898142E+02
 4.2100000E+02  2.426520E-11  1.897991E+02
 4.2200000E+02  2.423640E-11  1.897835E+02
 4.2300000E+02  2.416929E-11  1.897727E+02
 4.2400000E+02  2.414664E-11  1.897581E+02
 4.2500000E+02  2.412218E-11  1.897436E+02
 4.2600000E+02  2.413345E-11  1.897269E+02
 4.2700000E+02  2.415192E-11  1.897121E+02
 4.2800000E+02  2.418995E-11  1.897027E+02
 4.2900000E+02  2.426330E-11  1.896882E+02
 4.3000000E+02  2.435868E-11  1.896768E+02
 4.3100000E+02  2.443845E-11  1.896574E+02
 4.3200000E+02  2.449311E-11  1.896450E+02
 4.3300000E+02  2.456213E-11  1.896288E+02
 4.3400000E+02  2.459413E-11  1.896171E+02
 4.3500000E+02  2.468595E-11  1.896040E+02
 4.3600000E+02  2.471016E-11  1.895911E+02
 4.3700000E+02  2.474522E-11  1.895716E+02
 4.3800000E+02  2.474448E-11  1.895628E+02
 4.3900000E+02  2.479001E-11  1.895470E+02
 4.4000000E+02  2.483035E-11  1.895357E+02
 4.4100000E+02  2.480668E-11  1.895206E+02
 4.4200000E+02  2.483081E-11  1.895068E+02
 4.4300000E+02  2.478312E-11  1.894927E+02
 4.4400000E+02  2.474083E-11  1.894810E+02
 4.4500000E+02  2.463299E-11  1.894673E+02
 4.4600000E+02  2.449351E-11  1.894524E+02
 4.4700000E+02  2.431493E-11  1.894381E+02
 4.4800000E+02  2.410605E-11  1.894268E+02
 4.4900000E+02  2.381326E-11  1.894141E+02
 4.5000000E+02  2.319719E-11  1.894019E+02
 4.5100000E+02  2.194378E-11  1.893873E+02
 4.5200000E+02  1.334468E-11  1.893766E+02
 4.5300000E+02  1.024174E-12  1.893552E+02
 4.5400000E+02  2.460173E-13  1.893409E+02
 4.5500000E+02  1.841763E-13  1.893266E+02
 4.5600000E+02  1.771028E-13  1.893107E+02
 4.5700000E+02  2.265612E-13  1.893001E+02
 4.5800000E+02  3.760760E-13  1.892879E+02
 4.5900000E+02  1.528527E-13  1.892751E+02
 4.6000000E+02  1.445720E-13  1.892645E+02
 4.6100000E+02  1.314834E-13  1.892494E+02
 4.6200000E+02  1.047837E-13  1.892390E+02
 4.6300000E+02  1.200213E-13  1.892205E+02
 4.6400000E+02  2.145833E-13  1.892088E+02
 4.6500000E+02  3.258432E-13  1.891949E+02

